3.621970973659229681e-02
4.611534999199672080e-02
4.836138806166598303e-02
5.573137817088379131e-02
5.768265281418023804e-02
5.825878593184504600e-02
6.066783912441271742e-02
6.417640231403570761e-02
6.652830791999046756e-02
6.836717943943310116e-02
6.937808145492384282e-02
7.129302170796404658e-02
7.256738925161183851e-02
7.326610948849204830e-02
7.526337866501815743e-02
7.689639563257275046e-02
7.815345441036528062e-02
7.965531095980286913e-02
8.053486147218123781e-02
8.297655272268650295e-02
8.333682517678793478e-02
8.512884141157860129e-02
8.630460106115513119e-02
8.837049894594675714e-02
8.965934480759524261e-02
9.028466486890324161e-02
9.137792797101415565e-02
9.239678700719573812e-02
9.431133198817044649e-02
9.543404982925769720e-02
9.685818469597924640e-02
9.749501790900792775e-02
9.864562526262474207e-02
9.984429318698850864e-02
1.023611421287663054e-01
1.025692210198837634e-01
1.039420560188647480e-01
1.046981508611477402e-01
1.052143834323597538e-01
1.065387872486941861e-01
1.076236672846370562e-01
1.091589543726125822e-01
1.100465961918749014e-01
1.106222052222578245e-01
1.108263732984801492e-01
1.119451530847390963e-01
1.128607370775014801e-01
1.145244521283369649e-01
1.152878559391476848e-01
1.163705308344036154e-01
1.183000819339731086e-01
1.189667798360245776e-01
1.195306878513144877e-01
1.205621588451575993e-01
1.210914323890978916e-01
1.217270637018323526e-01
1.233130680736391760e-01
1.235944374544765134e-01
1.244631728358352729e-01
1.255409402407831887e-01
1.265441900402795861e-01
1.273706621833229635e-01
1.277368719151544263e-01
1.280739097814277694e-01
1.288083090885121795e-01
1.299943352867921897e-01
1.308928897890047349e-01
1.313050113212064496e-01
1.325254987836540221e-01
1.330803862377203661e-01
1.338936570419090866e-01
1.342456589224294006e-01
1.350098823564669925e-01
1.359233944267212169e-01
1.373222217391929512e-01
1.377453715135266432e-01
1.388215218890894720e-01
1.397237257516556752e-01
1.398591272341049574e-01
1.407910682086325749e-01
1.418467079084191340e-01
1.424527460672682933e-01
1.430200132025298276e-01
1.439121406457941899e-01
1.446118309906360699e-01
1.456325880443100351e-01
1.460781971440972826e-01
1.463332429687561331e-01
1.474649857701103572e-01
1.478964862077840059e-01
1.486154553810698498e-01
1.504044191054074997e-01
1.507061336081098601e-01
1.514477956317631935e-01
1.521382765714622554e-01
1.526058053509441459e-01
1.533737920114747466e-01
1.537241628327326026e-01
1.544163310096812458e-01
1.551764367850172188e-01
1.557571419577061800e-01
1.566912568339456635e-01
1.577325947557097763e-01
1.580764336530818548e-01
1.587997279101595605e-01
1.592822805326238877e-01
1.601475056132406483e-01
1.609479294223805645e-01
1.611557347008014951e-01
1.623729611362814407e-01
1.627417996834656100e-01
1.638006404485721212e-01
1.640323573953498260e-01
1.649422618971767562e-01
1.651338282852102268e-01
1.655175567972689554e-01
1.672759667189619437e-01
1.676750065681747170e-01
1.684048567302518229e-01
1.690115192990146731e-01
1.693526195506547261e-01
1.702261829018145434e-01
1.707319095302803347e-01
1.712353668476469248e-01
1.716279386159730302e-01
1.732851331831504194e-01
1.739510876337662659e-01
1.743435859201043492e-01
1.750135915709285228e-01
1.750790690146688811e-01
1.765994270322552295e-01
1.776267752292341462e-01
1.777536678882523369e-01
1.786239410454819876e-01
1.791406009084221262e-01
1.794629997800507581e-01
1.800930519697677423e-01
1.807356403456016058e-01
1.812424744872620230e-01
1.820440619639259461e-01
1.832008003635054172e-01
1.844870315274384776e-01
1.848426917338778785e-01
1.854312681855276590e-01
1.866853281931561415e-01
1.873658547681864017e-01
1.878900693718253134e-01
1.882672249762268046e-01
1.891524378810514606e-01
1.899298303374157559e-01
1.904570844978367428e-01
1.910081815291019558e-01
1.912952104753969373e-01
1.920196675842632539e-01
1.923251021445583075e-01
1.932469385633074077e-01
1.944588600573005921e-01
1.954219376443192824e-01
1.956046491156806788e-01
1.963576648708756367e-01
1.967159024217999264e-01
1.981988276527548998e-01
1.984152703282977825e-01
1.992038069786002952e-01
2.001799229306143180e-01
2.006538543614928283e-01
2.012039073973440617e-01
2.014009493917920945e-01
2.019415078038935829e-01
2.029302114528818979e-01
2.041683245165515914e-01
2.050512485747541525e-01
2.055649929262873266e-01
2.057077989914435079e-01
2.063805182731566212e-01
2.065074841343182144e-01
2.077605578966213729e-01
2.083040615510150517e-01
2.088104153030407306e-01
2.097558354476835307e-01
2.111204157063034936e-01
2.118466603730811970e-01
2.121105269036844820e-01
2.128837120105361580e-01
2.131770429391670885e-01
2.138373742255113841e-01
2.146732745683661292e-01
2.157438039597886215e-01
2.165104633374403675e-01
2.169988454851855542e-01
2.177882354110603491e-01
2.184058585923308871e-01
2.194788083391836508e-01
2.202321256162484975e-01
2.207257000667192937e-01
2.216850923427437781e-01
2.218373058491951433e-01
2.229335597820165660e-01
2.235222076411971792e-01
2.248323454370697583e-01
2.257884378819512428e-01
2.265456502470497013e-01
2.275717512501333473e-01
2.281156319395714338e-01
2.283319720372173900e-01
2.296944591998066054e-01
2.299416160627527905e-01
2.304881601344194175e-01
2.317346858139606447e-01
2.329840739567637375e-01
2.333313898289336441e-01
2.341975719143530310e-01
2.353800511625718239e-01
2.360861322130111128e-01
2.367240888242192476e-01
2.379628364233879467e-01
2.384369953595006086e-01
2.390705349165099247e-01
2.396432105973914650e-01
2.411777185520987410e-01
2.418066272367680736e-01
2.420985041329370147e-01
2.423325958509951195e-01
2.430576663155012140e-01
2.446070188826791336e-01
2.454007353961459581e-01
2.459221411835109117e-01
2.475160346369834896e-01
2.487138462461305488e-01
2.487904338575519791e-01
2.501484716979137657e-01
2.506096133702371831e-01
2.517299605504841886e-01
2.521865485096770887e-01
2.541023494683109507e-01
2.553041288089959449e-01
2.561590266973735597e-01
2.574346850017361077e-01
2.582650298609164286e-01
2.595974955353348435e-01
2.602076434783396341e-01
2.613970541404733172e-01
2.629057397822382458e-01
2.634950529533617303e-01
2.637909979786527415e-01
2.665516321444357239e-01
2.679329054169490298e-01
2.683732467262963661e-01
2.707053671889670943e-01
2.716194494367938361e-01
2.724431109360225256e-01
2.733069087408949716e-01
2.746355653809730568e-01
2.789225415418148391e-01
2.810510100748781492e-01
1.065991518205762656e+00
