4.479187405211067508e-01
4.508483176970994322e-01
4.514538760446275556e-01
4.560477426137807266e-01
4.600129908992138805e-01
4.618560100965100057e-01
4.648548532109696985e-01
4.659962489016712395e-01
4.684232996545891203e-01
4.702231278629898648e-01
4.709676014676762446e-01
4.717378705248338466e-01
4.732904975846441431e-01
4.755480412440472038e-01
4.766238216673605588e-01
4.772798785999882720e-01
4.777363071677777073e-01
4.789710136924195671e-01
4.799436525701813450e-01
4.820872235966059960e-01
4.840739682054667203e-01
4.852859914277008468e-01
4.857822773360703228e-01
4.880218945869794767e-01
4.885950021900494766e-01
4.900669251492732470e-01
4.913289646881097150e-01
4.922504189008526931e-01
4.935609391502258636e-01
4.938764540821377613e-01
4.947728198071324468e-01
4.963616779887801145e-01
4.982317264371355914e-01
5.001998824319564552e-01
5.009323153813407536e-01
5.024346071961085514e-01
5.039617632215105392e-01
5.052771136134452945e-01
5.061726650674991390e-01
5.069683864173410992e-01
5.083009883180307220e-01
5.085505065498404642e-01
5.100690293383284279e-01
5.106109570320978008e-01
5.113678960439512755e-01
5.123863558598422685e-01
5.137533950289066009e-01
5.145585324324003507e-01
5.162400023641299240e-01
5.180061990609263756e-01
5.187551099350344863e-01
5.191667685216860839e-01
5.214547657987118612e-01
5.217065200787697199e-01
5.227997059184925632e-01
5.236175546823824689e-01
5.243759952761607446e-01
5.261314192715401683e-01
5.272690633714191000e-01
5.281162103041912026e-01
5.298833273673392297e-01
5.307720535989849386e-01
5.318736059645615688e-01
5.320252162271513763e-01
5.333511764701300839e-01
5.335989706484367545e-01
5.355947579756520360e-01
5.358664234222292322e-01
5.372890217752497310e-01
5.376931806549009041e-01
5.383793270689015698e-01
5.402275954378161771e-01
5.407164217896505143e-01
5.413216957255828632e-01
5.421858068629071825e-01
5.439309637548903620e-01
5.452318491651065857e-01
5.460117193116595935e-01
5.464295602850635092e-01
5.476609619471711765e-01
5.487951026057625858e-01
5.495554223234803137e-01
5.507055440550364667e-01
5.516587236725030152e-01
5.521676312894853167e-01
5.532073641730322899e-01
5.543413070233960127e-01
5.555119586943411125e-01
5.557677651573851296e-01
5.570566125063446394e-01
5.576457162434406145e-01
5.595714645080512861e-01
5.598040685097143143e-01
5.609147731264731984e-01
5.626672789987590129e-01
5.632208086095887856e-01
5.635125466298812613e-01
5.647973126623511142e-01
5.665084389614872817e-01
5.666040908314977642e-01
5.674126897356548405e-01
5.681896371623015307e-01
5.684738891883892586e-01
5.705427413756899435e-01
5.711747976457869358e-01
5.726798385143836434e-01
5.741461606222810765e-01
5.748630436996122750e-01
5.754035999664014467e-01
5.763667954192350784e-01
5.765528475430701238e-01
5.774876633550031224e-01
5.780898400252669767e-01
5.798088803122233292e-01
5.805594084572905933e-01
5.816796337579331899e-01
5.831558965893613999e-01
5.834669304634504394e-01
5.846309545690957510e-01
5.852299273901941934e-01
5.858743734693240279e-01
5.871398892368789868e-01
5.874509829850537157e-01
5.881403005516192550e-01
5.885632198663726111e-01
5.901140765432661972e-01
5.912211060884380309e-01
5.921848912498849371e-01
5.931378199432335574e-01
5.936772843277042799e-01
5.942650347240022723e-01
5.949457946744305392e-01
5.957086445465200608e-01
5.960338628801202798e-01
5.970466077878010536e-01
5.974432769900804852e-01
5.995304675338218869e-01
6.007659575211887759e-01
6.015989693262103755e-01
6.021898549840843939e-01
6.029551022184023168e-01
6.040596600720976594e-01
6.047152599496549152e-01
6.061891035420156060e-01
6.070270288424548522e-01
6.071986714913714112e-01
6.080801327305777049e-01
6.094360978770463344e-01
6.098224593170188390e-01
6.117573808240023281e-01
6.121504131833438445e-01
6.131331032568927419e-01
6.138496676047913159e-01
6.148080099297487111e-01
6.150893205528670249e-01
6.164782504327134260e-01
6.166314886730217548e-01
6.178949125701950207e-01
6.183918660910722176e-01
6.201273320155279434e-01
6.213764199130412669e-01
6.216825934169957213e-01
6.226616066010542960e-01
6.233339209928301372e-01
6.242921578906509561e-01
6.252942836308718055e-01
6.261214985910775743e-01
6.273206114303867542e-01
6.286989247440514239e-01
6.295526704306977361e-01
6.302767351064270107e-01
6.306793574947445746e-01
6.307137253560787249e-01
6.324728119128570913e-01
6.335941886093731101e-01
6.345397058253097189e-01
6.349788483632100577e-01
6.363427738158399238e-01
6.366714723496813555e-01
6.371380443124287085e-01
6.388966613542480522e-01
6.396635569658901677e-01
6.399461054330920495e-01
6.407677621942422519e-01
6.424296639339361903e-01
6.444937882972174847e-01
6.447714553906728208e-01
6.466333947922713321e-01
6.471148894989272593e-01
6.486800386977228383e-01
6.494308925559881818e-01
6.496727153507888541e-01
6.509330329141889138e-01
6.531576871539567231e-01
6.535113542159041167e-01
6.541712109561254040e-01
6.548446473432019133e-01
6.555525598723250802e-01
6.566799396104560094e-01
6.584442543415683913e-01
6.591896163625389216e-01
6.595832450038654482e-01
6.612319820875109944e-01
6.621238699143625617e-01
6.626906679317710047e-01
6.637260551339277947e-01
6.644530295727879565e-01
6.658975016708701400e-01
6.672669958047501293e-01
6.688820062291827018e-01
6.699972248274973508e-01
6.724578363708306750e-01
6.736916040869532774e-01
6.740602657396802533e-01
6.750850061982169859e-01
6.765114533447127432e-01
6.772441021420110285e-01
6.786440317255789667e-01
6.802511752010940160e-01
6.813949440030589999e-01
6.821564583914072610e-01
6.830434853283990915e-01
6.840517601928134406e-01
6.855769706018741694e-01
6.870409519701470291e-01
6.887663295363345428e-01
6.901513852854808118e-01
6.903452988113000233e-01
6.912912463982150424e-01
6.932822249958624505e-01
6.942067823124924431e-01
6.950797232990330032e-01
6.966110409370348533e-01
6.993336463505614997e-01
7.006109107487192844e-01
7.027248002247963310e-01
7.036759768728142461e-01
7.037780366280366184e-01
7.046739496855854989e-01
7.077271841354187965e-01
7.087779821297667260e-01
7.102434945882162287e-01
7.112000228952636283e-01
7.137394921804388614e-01
7.142860883623163293e-01
7.146445527827216537e-01
7.158987025491390099e-01
7.195220862077464918e-01
7.207268812487004350e-01
7.231513153215454182e-01
7.244517907620442454e-01
7.304973471713757105e-01
7.336510342595081724e-01
7.337659065842659922e-01
7.373850090104144828e-01
1.009673919280712262e+00
