2.975084981949421836e-01
3.000999348975534886e-01
3.008294348540057617e-01
3.042939590092140767e-01
3.061737382133339902e-01
3.068526274698575307e-01
3.087238490702021165e-01
3.097019340707935497e-01
3.122160255280354013e-01
3.136890872459363044e-01
3.155565871574860792e-01
3.182440866061396201e-01
3.197103400119485350e-01
3.202536711790864299e-01
3.209669356917622673e-01
3.220810985022914963e-01
3.227922448551174273e-01
3.240859771858930483e-01
3.244851727008501441e-01
3.252692364821239135e-01
3.282887278454355573e-01
3.297872324718064685e-01
3.302480144421790498e-01
3.309376280604144349e-01
3.323271717768086497e-01
3.343658019952072680e-01
3.348727085933149161e-01
3.349717749540884193e-01
3.355265401704790040e-01
3.381386250767267621e-01
3.396208105420234213e-01
3.405835206479061461e-01
3.414312699636156689e-01
3.426021883405667712e-01
3.433819541454609103e-01
3.442555199011713696e-01
3.453032092312617318e-01
3.468582507613968691e-01
3.475838196013960046e-01
3.482971607036936534e-01
3.489511669827819462e-01
3.500430683293294654e-01
3.511571575747464147e-01
3.514391521757997405e-01
3.525217717132769768e-01
3.539387077154071415e-01
3.559735655834679879e-01
3.569214105203126763e-01
3.578033667824981334e-01
3.584710004308663822e-01
3.595081511793046247e-01
3.604607191609949246e-01
3.619073103265660896e-01
3.629161747441053132e-01
3.631169376365123158e-01
3.646108448668042845e-01
3.655054323991911436e-01
3.660109858383282511e-01
3.668128829229836962e-01
3.671564685358696400e-01
3.677583617002051497e-01
3.689838020452370082e-01
3.698210142484034679e-01
3.711716021099695229e-01
3.718985246219619900e-01
3.730354492577008241e-01
3.735421003795045269e-01
3.747897080888676347e-01
3.760152923228325395e-01
3.777299420744284486e-01
3.788095817233395612e-01
3.792879876651402138e-01
3.798674916937806456e-01
3.808746494752625056e-01
3.812535078456960602e-01
3.829183746902782848e-01
3.833302344951743934e-01
3.836772662092631792e-01
3.843183809403553086e-01
3.849259351275093888e-01
3.866683182347675496e-01
3.872266590554367394e-01
3.882737837418791527e-01
3.892881277724049016e-01
3.896152292695103103e-01
3.905374325189153728e-01
3.919256865161778181e-01
3.926801663287807220e-01
3.931241197646449526e-01
3.935877479393368183e-01
3.942365639345130623e-01
3.956774226964894225e-01
3.964726314846511723e-01
3.970522461069760367e-01
3.977576100062127917e-01
3.986877121284287395e-01
3.989189042833145571e-01
4.008241026579111854e-01
4.010852698405633632e-01
4.032246194514497173e-01
4.038217353620753292e-01
4.039185475792121949e-01
4.046022494698303107e-01
4.053185681310368937e-01
4.065844615962793673e-01
4.071465411432169668e-01
4.077969770029433172e-01
4.079243306288714010e-01
4.092845642065167655e-01
4.104222876124636876e-01
4.108887332887322663e-01
4.119076153459842460e-01
4.123717809929876577e-01
4.125550520598930127e-01
4.136827529438665274e-01
4.142650535809668244e-01
4.142915740860961815e-01
4.158727561332191680e-01
4.176103843624156542e-01
4.184839246698864312e-01
4.199234382431414891e-01
4.201672761771338971e-01
4.205052778550185111e-01
4.220859300636293776e-01
4.229925344611198956e-01
4.242438454314552132e-01
4.243425608601410493e-01
4.250269946891499506e-01
4.255890813529097372e-01
4.262234312597346642e-01
4.269808776390858207e-01
4.274710581780088448e-01
4.300644410624359648e-01
4.302408648617115916e-01
4.314632322110469875e-01
4.321658150242292384e-01
4.333028530146597057e-01
4.343055274051688119e-01
4.347886758614817326e-01
4.356341925189697317e-01
4.363761089022271111e-01
4.374668436176947228e-01
4.380124046431089768e-01
4.392534979666891659e-01
4.396763434103309054e-01
4.402212051579631469e-01
4.412098613461568619e-01
4.421506179770398615e-01
4.430953102929758858e-01
4.438082252861009214e-01
4.445169496949973875e-01
4.448144583694045862e-01
4.456155309153916333e-01
4.460194928276769999e-01
4.470924480604095419e-01
4.484694183999566874e-01
4.489794223623732039e-01
4.502185381550599663e-01
4.510785235995528053e-01
4.521961058106401254e-01
4.523820901739848965e-01
4.531949395062531138e-01
4.538224752701516818e-01
4.554634881336531715e-01
4.568126880499487896e-01
4.570089256783609888e-01
4.587501571454601912e-01
4.592220827994615839e-01
4.598582843749868254e-01
4.611694456134401987e-01
4.617170473603910974e-01
4.620199255545199835e-01
4.634079798678631401e-01
4.642263747288075115e-01
4.644914617828009851e-01
4.656262217203801512e-01
4.668137690119725791e-01
4.681864981967730488e-01
4.687740708247112864e-01
4.693899175883483044e-01
4.704207983332607257e-01
4.715141052304308023e-01
4.720549151104172503e-01
4.725683600214862223e-01
4.728886305517446265e-01
4.747643981076707376e-01
4.753866187376050156e-01
4.763233451295310061e-01
4.770813600644196462e-01
4.775931664756560280e-01
4.791856675255215525e-01
4.795679681002906203e-01
4.800082147404497457e-01
4.813854149346729061e-01
4.816622441256090403e-01
4.817967310237504797e-01
4.834372529470618574e-01
4.846072593364410541e-01
4.851539615694885899e-01
4.857476103562249903e-01
4.869974416692180452e-01
4.876436343726591738e-01
4.892308034495898017e-01
4.898646563481087179e-01
4.908247657600360303e-01
4.916103045619926171e-01
4.936104428941736622e-01
4.944139650538714181e-01
4.961522233885322652e-01
4.968550212976727831e-01
4.976378038089691036e-01
4.981001316509977017e-01
4.992055859305283283e-01
4.995275237014011882e-01
5.000599112506052268e-01
5.012253560513292294e-01
5.032859123727461137e-01
5.035047179912286452e-01
5.047961261058572235e-01
5.063471644060294485e-01
5.070116976788719976e-01
5.075937200789137904e-01
5.088600350483333257e-01
5.093432701715292499e-01
5.109127438358866957e-01
5.112596954525109316e-01
5.127459818570806460e-01
5.142070834396509360e-01
5.144841943059401679e-01
5.158133503498455452e-01
5.168983514309332117e-01
5.191083639346516510e-01
5.200865505446828907e-01
5.209517673801371540e-01
5.228605746534675802e-01
5.232754033080097011e-01
5.252933499336935874e-01
5.272374868471895182e-01
5.275434202695014063e-01
5.302602502967707077e-01
5.312579033421304109e-01
5.327575652876782586e-01
5.331667923323646363e-01
5.339064456822451010e-01
5.358427683957746046e-01
5.364426381148631462e-01
5.373830285721904465e-01
5.386600580395917159e-01
5.409712088573771505e-01
5.427558860485243164e-01
5.442737961652394096e-01
5.459480297637354651e-01
5.485378917660599374e-01
5.504307536618558983e-01
5.555284502438506689e-01
1.005538270798704614e+00
