7.739472788361445588e-01
7.741903996401620081e-01
7.759221984162882890e-01
7.765000903966642332e-01
7.771007751963980859e-01
7.784179438995253442e-01
7.790733824320492662e-01
7.797748589416387821e-01
7.798078115276283473e-01
7.804474545523695239e-01
7.809731029415194481e-01
7.811601616332700670e-01
7.814676680176172452e-01
7.830951400707615306e-01
7.834765887661664374e-01
7.848413580337934015e-01
7.854341963511984881e-01
7.857902796462616912e-01
7.862095399312837296e-01
7.872244880717197413e-01
7.877386876224528045e-01
7.886041594605779359e-01
7.886739194301759515e-01
7.894870488620386872e-01
7.901430614401240282e-01
7.909356981449738866e-01
7.912704601399884741e-01
7.916270697839543624e-01
7.920898626629260253e-01
7.926331238992506689e-01
7.929542015970542090e-01
7.931217532088441491e-01
7.938091783371337140e-01
7.939641430649452269e-01
7.945505284303523430e-01
7.953121481095990486e-01
7.956742179335652976e-01
7.961502704657515972e-01
7.966781219094144495e-01
7.976682467270570509e-01
7.980347202987824184e-01
7.983146880966872638e-01
7.988720219170758474e-01
7.992548430391575032e-01
7.994790359036123562e-01
8.002785212915468627e-01
8.006912988467559389e-01
8.008068142343213180e-01
8.015040723948725354e-01
8.020357761276009079e-01
8.025163144145339711e-01
8.029479399095580394e-01
8.034384216683795321e-01
8.038072751882594513e-01
8.040903060191920693e-01
8.048199366593242754e-01
8.049697472943226906e-01
8.050567262335390772e-01
8.054409355747180754e-01
8.063675255918406615e-01
8.068452753707340275e-01
8.070502085718341823e-01
8.074393050455618281e-01
8.078145448812096285e-01
8.079251463586060167e-01
8.081860713081189251e-01
8.082230593442849553e-01
8.087864558151981464e-01
8.092334807869102642e-01
8.099534609403740149e-01
8.103328868035755139e-01
8.107293677095100959e-01
8.109446550612204874e-01
8.114229131305590315e-01
8.116885379563799630e-01
8.123796639373713768e-01
8.127900490044981385e-01
8.129982920121555656e-01
8.136010700128982753e-01
8.142852173239264468e-01
8.145529910437955268e-01
8.145871890410062433e-01
8.148784695946346135e-01
8.152536975249478068e-01
8.158773540476226271e-01
8.165218333449002497e-01
8.166407045400509990e-01
8.171086647536605074e-01
8.180397285341345359e-01
8.181557700287418466e-01
8.185935256054480691e-01
8.188866765299588346e-01
8.191925937407841252e-01
8.196649538987705874e-01
8.208428354877089772e-01
8.210112676199403658e-01
8.211388168797140175e-01
8.215284323045268788e-01
8.219481412090334782e-01
8.222384663955901729e-01
8.227400373574517145e-01
8.231919301113435061e-01
8.235075774905670221e-01
8.240514087711545699e-01
8.244135820925988511e-01
8.247658460575313377e-01
8.251073923078479089e-01
8.253092009155441611e-01
8.255637964211183233e-01
8.258668246858276163e-01
8.266684877411182297e-01
8.267533355677050277e-01
8.268801162390330139e-01
8.275198922698285831e-01
8.279381958089387927e-01
8.282938466055498328e-01
8.288810170128142474e-01
8.291309219051995472e-01
8.292380412029105585e-01
8.294665141037105283e-01
8.299301698033333397e-01
8.304236159530942185e-01
8.309928127086957383e-01
8.312891253203585906e-01
8.316171133141595506e-01
8.320231347401193522e-01
8.321810817654088366e-01
8.323649109266872959e-01
8.327277442624577697e-01
8.331139055769156698e-01
8.334849549144519587e-01
8.335847043288059366e-01
8.340857923055878809e-01
8.349835860515968378e-01
8.352485654873098575e-01
8.356516152315512924e-01
8.358763973177586459e-01
8.362138878737402914e-01
8.365387537486862479e-01
8.369325025638726379e-01
8.374528703130180718e-01
8.377450347144568266e-01
8.381907153798558996e-01
8.383722971944265190e-01
8.389082621963859232e-01
8.390908864991742933e-01
8.398210296299750688e-01
8.401417783605692469e-01
8.405638081101660664e-01
8.407774321798686668e-01
8.413566578865339096e-01
8.416722952602446739e-01
8.419902395654301763e-01
8.423018173422547328e-01
8.426325947246565695e-01
8.427026107707548119e-01
8.434920283309805811e-01
8.435785389227132836e-01
8.440478711495326136e-01
8.447417276137674236e-01
8.452494282358279376e-01
8.454091726751400415e-01
8.456602906248668061e-01
8.458698197810288200e-01
8.461389938240041486e-01
8.468765805136225788e-01
8.475445787277240406e-01
8.476492396227816029e-01
8.480946892271454818e-01
8.484023735086715368e-01
8.487958368417897193e-01
8.494405080355719173e-01
8.499205472636423009e-01
8.502637203705805113e-01
8.506448286770017519e-01
8.509186218028915727e-01
8.513147814126297286e-01
8.517861648892802728e-01
8.524014971553597331e-01
8.525257681727879122e-01
8.533005317942828905e-01
8.534674459741056207e-01
8.539213791244981699e-01
8.541732543450364368e-01
8.547235051160103625e-01
8.551360261936157281e-01
8.554971682740507566e-01
8.557453760683623178e-01
8.565042374641393952e-01
8.571844478571636339e-01
8.575854272306080439e-01
8.580494232827301504e-01
8.580884819728956669e-01
8.584198915345068182e-01
8.590860141633016589e-01
8.594261215670828680e-01
8.596291483709188608e-01
8.599073651488553516e-01
8.601331043731004211e-01
8.607730472965245960e-01
8.611379607612164033e-01
8.613756485389505446e-01
8.616276669505502639e-01
8.624878244775422420e-01
8.632460046586539759e-01
8.636366026812132279e-01
8.638138538198727456e-01
8.645096852057775338e-01
8.649392277065299783e-01
8.654744455366126799e-01
8.658442603197537002e-01
8.658858984163145811e-01
8.661818112720840457e-01
8.664093957858070016e-01
8.670294844907883158e-01
8.674817779669672380e-01
8.680968574580100183e-01
8.685232098742234896e-01
8.686840173554507549e-01
8.693646675535406931e-01
8.694974917675518666e-01
8.699082234749916376e-01
8.709372563634281139e-01
8.714407756987065934e-01
8.718756470760722355e-01
8.721953576535309560e-01
8.726980941586455209e-01
8.734888522281567536e-01
8.736494130732077590e-01
8.741040666009787241e-01
8.744049713479800090e-01
8.750375096389373386e-01
8.753075348657357591e-01
8.766776931270230389e-01
8.773305402085069815e-01
8.780308589201063496e-01
8.786470679695980168e-01
8.796467274043100470e-01
8.801863828716146587e-01
8.804477741358459619e-01
8.809928559910127355e-01
8.814185832075568383e-01
8.823417173671483926e-01
8.829430125280718356e-01
8.837747847262773515e-01
8.844214433561915500e-01
8.847976356706329648e-01
8.852127202850572640e-01
8.864465612715684006e-01
8.869993023584753500e-01
8.880138594314096467e-01
8.883767140458729283e-01
8.896225856521738917e-01
8.901092837714181805e-01
8.923045320668434588e-01
1.003399549692218562e+00
