3.344461093281914793e-02
3.629206375049160577e-02
4.009069430296778591e-02
4.169106104166916960e-02
4.345163535147675282e-02
4.434815380284869851e-02
4.578781742096808827e-02
4.787235054252514388e-02
4.864431463317892695e-02
5.069427160536277982e-02
5.247405171865174300e-02
5.357667960953119146e-02
5.529188566294464258e-02
5.673999653733526743e-02
5.796366775199173621e-02
5.939359748479620948e-02
5.992416894692842444e-02
6.235454148358632320e-02
6.357043801772171987e-02
6.508381377904032261e-02
6.669154724296540160e-02
6.769437270164503639e-02
6.823675732293386920e-02
6.963746421807609499e-02
7.084549277856187766e-02
7.161840418875053960e-02
7.259776695384360934e-02
7.300381336565398005e-02
7.319733300858803637e-02
7.452493118630360014e-02
7.595556773817394025e-02
7.676375111906162674e-02
7.771172946118901081e-02
7.852144631913779427e-02
7.944423873633552069e-02
8.008356080713463498e-02
8.086672806908269673e-02
8.223513089600412163e-02
8.338369973516893130e-02
8.376517148914912336e-02
8.406703234737586405e-02
8.591420448131299736e-02
8.656915861505525001e-02
8.829245077333641722e-02
8.842564425783730475e-02
8.867376202131765917e-02
9.044998862903175230e-02
9.074848040028163365e-02
9.128919388463113682e-02
9.299288324889852519e-02
9.349633485060725169e-02
9.506608040413494498e-02
9.517226548060873925e-02
9.579484186744008367e-02
9.675708817788079841e-02
9.755845112700363420e-02
9.792825486654618827e-02
9.882446066765372683e-02
9.987083390195697352e-02
1.013642150499873273e-01
1.020198839868787094e-01
1.020655235051191323e-01
1.028672466722351936e-01
1.030500564929933138e-01
1.042788797201652101e-01
1.051517804330984601e-01
1.058241197758027913e-01
1.059440440628517943e-01
1.068222801704754588e-01
1.077803812612506962e-01
1.088670286767791651e-01
1.091538892553718249e-01
1.097730101937088032e-01
1.103243587750695198e-01
1.110830870842748896e-01
1.116083985096525261e-01
1.118763628894561130e-01
1.125037415776592858e-01
1.135283060872454425e-01
1.140070732048205498e-01
1.143834195471829240e-01
1.145838583410941636e-01
1.159315631757237008e-01
1.163427970684168117e-01
1.166833681746243800e-01
1.174133486944577975e-01
1.179657594099884771e-01
1.189660052642627641e-01
1.199246167872074775e-01
1.201409849370955324e-01
1.211890169580418647e-01
1.215098682514649669e-01
1.219045130918067488e-01
1.228862644635015378e-01
1.237649027264023510e-01
1.246309549862085059e-01
1.250558799014433176e-01
1.264357803907547040e-01
1.266057553459913054e-01
1.277562103885803435e-01
1.279288339707798094e-01
1.292508242899645665e-01
1.296405471818354582e-01
1.299429502146825233e-01
1.304767587006432639e-01
1.308112704753768007e-01
1.323921824753198084e-01
1.324952961661552131e-01
1.329925267182572035e-01
1.342216855707456247e-01
1.346217375725595466e-01
1.352044149024545783e-01
1.368185039822162330e-01
1.374609744377883191e-01
1.378823003575533057e-01
1.383883309099282477e-01
1.393517190391422578e-01
1.397335399342657103e-01
1.402464566436151527e-01
1.406332465193906867e-01
1.413731124167020015e-01
1.421120215587615976e-01
1.428346170481010480e-01
1.429575864935052065e-01
1.433575908870949600e-01
1.441179295262547122e-01
1.442350231453521092e-01
1.454624652082696923e-01
1.459903073164747211e-01
1.469934235653246601e-01
1.475819099055673822e-01
1.479387429836661327e-01
1.488789158344618335e-01
1.490269634835030554e-01
1.499090747444025984e-01
1.499338461980684323e-01
1.512758797310048420e-01
1.517132071583295327e-01
1.520872229827913147e-01
1.530620638494472607e-01
1.534023247496633657e-01
1.549110775458961697e-01
1.552940618117597260e-01
1.553485512710053307e-01
1.563493605572856271e-01
1.575854569770623326e-01
1.576421700718891039e-01
1.584541976400460628e-01
1.588722299130554683e-01
1.594107655151789649e-01
1.599760536829822888e-01
1.602638760488153957e-01
1.610071519458809441e-01
1.611379019659030243e-01
1.620803408138443147e-01
1.622804211418117648e-01
1.631565913459884776e-01
1.636102809570600947e-01
1.648707683245363709e-01
1.649718994343020162e-01
1.652619348270055466e-01
1.659944271510610803e-01
1.661393347072405435e-01
1.677045099822715435e-01
1.679305573172534538e-01
1.690786830519198369e-01
1.694844247379481139e-01
1.703547861853147161e-01
1.709790760114232311e-01
1.718427752512904638e-01
1.729735401810644224e-01
1.732537735164629000e-01
1.735604462704471995e-01
1.744651715601467923e-01
1.750168117874245088e-01
1.755989287142575017e-01
1.757815754780344686e-01
1.768732639138618778e-01
1.775950552567203411e-01
1.780909397900850566e-01
1.787404457280872550e-01
1.794152054261819451e-01
1.802263481501705511e-01
1.815351133503347314e-01
1.819152964757585755e-01
1.821992547565200737e-01
1.826219201093080835e-01
1.832468670867680727e-01
1.843680745756916817e-01
1.852099775179931185e-01
1.855301740767626717e-01
1.857926152195197855e-01
1.870942719645238284e-01
1.878713826559802735e-01
1.881072114863410194e-01
1.892427294686546135e-01
1.897484636641237621e-01
1.911261714044232563e-01
1.912080633225980431e-01
1.914688247997116677e-01
1.927735251267105598e-01
1.931912593400988698e-01
1.946587209759776671e-01
1.947862884632729774e-01
1.953630346724981037e-01
1.969805970558663466e-01
1.972617294230404050e-01
1.979453066125071714e-01
1.982581341638932904e-01
1.987492534523303545e-01
1.995462041375569984e-01
2.000888239473348484e-01
2.002244206636562551e-01
2.019068237428289503e-01
2.026469843023361861e-01
2.032555979116024147e-01
2.041055989822849470e-01
2.047993907624884036e-01
2.058216743844150098e-01
2.065964336445851868e-01
2.068853290184113347e-01
2.084999961817179115e-01
2.095263935711871028e-01
2.111647586354982176e-01
2.113925812074123056e-01
2.121170989575584254e-01
2.130826795566746479e-01
2.140893399332099989e-01
2.145009243339579541e-01
2.156238352574044170e-01
2.157601104859299956e-01
2.176118147757973020e-01
2.181005807103340299e-01
2.188853177517738058e-01
2.197942799822791560e-01
2.201186816441102201e-01
2.220189801373491645e-01
2.233823819043114500e-01
2.237430876368439181e-01
2.250324020956897542e-01
2.257559354789733796e-01
2.265870464605164447e-01
2.279660251587624642e-01
2.286488950236136852e-01
2.303277588102427831e-01
2.316464442354904119e-01
2.329821732567778914e-01
2.330597095226076276e-01
2.355573675712614168e-01
2.369882264263758476e-01
2.385627300077541590e-01
2.391859153681634431e-01
2.409630145315012351e-01
2.422050535033714591e-01
2.449511874799373268e-01
1.063930567136740279e+00
