6.687075557713538787e-01
6.703536268533997200e-01
6.735791659593226566e-01
6.754414566978043100e-01
6.766442492029872691e-01
6.772215064246825955e-01
6.788034775872675564e-01
6.800050280911943412e-01
6.809184192575898908e-01
6.818737989929642973e-01
6.830451295073756146e-01
6.833106279060580102e-01
6.838936480866998346e-01
6.843780354279074274e-01
6.854930937751128051e-01
6.856949223461943355e-01
6.872230682973323734e-01
6.875196686202064145e-01
6.889565145419125347e-01
6.892695211171776526e-01
6.907105988255932694e-01
6.921103273170400305e-01
6.922065456173024378e-01
6.924711798463163426e-01
6.928056557176585084e-01
6.938341161510024335e-01
6.954771357139032384e-01
6.959862911755041459e-01
6.964798243667588151e-01
6.972362325949681416e-01
6.975680572477973573e-01
6.983217062749862425e-01
6.990275198130587730e-01
6.996138442784681777e-01
7.001931926184128407e-01
7.006134907714056670e-01
7.015260460026642164e-01
7.029320915197746489e-01
7.036335549455938754e-01
7.046593092003891057e-01
7.050383762718031022e-01
7.067099374167117309e-01
7.068335419830813482e-01
7.071942893505039907e-01
7.081696731076917439e-01
7.088967874810395697e-01
7.091216633142399806e-01
7.097200876123247459e-01
7.103110133586003627e-01
7.106941355934159876e-01
7.108516672213666121e-01
7.118264141770940245e-01
7.124339326112273385e-01
7.130364779488066462e-01
7.139274344804246164e-01
7.146037419466129137e-01
7.147737693703515305e-01
7.154932971381245954e-01
7.157844211764409215e-01
7.164935798689259228e-01
7.171627581863252443e-01
7.183396474246543928e-01
7.184893760817369079e-01
7.187283139795916931e-01
7.194394348222222790e-01
7.199527763082813614e-01
7.201991742093281079e-01
7.214803971566075003e-01
7.217040982181491815e-01
7.223973400534463574e-01
7.229999853595252546e-01
7.239255896698949533e-01
7.241525429977977435e-01
7.243360844237217711e-01
7.251815205838695322e-01
7.256948794084842058e-01
7.262274639169397084e-01
7.268469175544862715e-01
7.274463990020709758e-01
7.281983429231400073e-01
7.291473527211079775e-01
7.297133346968345258e-01
7.297575778515299483e-01
7.301547593459215557e-01
7.311632015304335708e-01
7.313966243695556591e-01
7.319735298816395508e-01
7.327753793890987577e-01
7.333628396377829262e-01
7.334568465605640908e-01
7.338701004576418940e-01
7.345057187612187288e-01
7.351543898932139109e-01
7.358641100009744029e-01
7.362572320138516258e-01
7.369597017828679597e-01
7.374588760674553045e-01
7.377715251637516625e-01
7.387596409140015918e-01
7.397967562488729776e-01
7.400658261154756667e-01
7.401912593991725187e-01
7.407712722491963664e-01
7.411557302339313313e-01
7.416349976620559836e-01
7.424726649377940690e-01
7.427217471030465035e-01
7.432121710554993044e-01
7.439152522065546336e-01
7.443035285562540349e-01
7.453305197382771308e-01
7.459335239921167648e-01
7.465032101056907621e-01
7.469768743155553725e-01
7.472495477671106112e-01
7.478324406531355883e-01
7.481780190110915996e-01
7.490674473146960999e-01
7.492111594594667023e-01
7.500656354391141978e-01
7.503875031104095816e-01
7.506914515863780668e-01
7.513301279498244556e-01
7.516899631209807975e-01
7.524058481680473420e-01
7.526030847337652485e-01
7.531729000300259047e-01
7.539191394857210904e-01
7.545211474335918878e-01
7.550591491734417460e-01
7.559292398411737723e-01
7.563710604132736215e-01
7.570690670523131383e-01
7.573302935469410357e-01
7.581739030444683003e-01
7.585837019988024288e-01
7.590239695619596105e-01
7.597092093210707775e-01
7.599208184560074519e-01
7.602903292183534889e-01
7.612118524894257998e-01
7.617335461153196263e-01
7.620369543413568758e-01
7.622859068124769877e-01
7.628316683816352972e-01
7.631241244124312706e-01
7.641866295694704769e-01
7.643962106041526372e-01
7.646781074981412463e-01
7.654553046729138943e-01
7.662642564633445064e-01
7.667268543116368962e-01
7.670934688388287848e-01
7.683064096527608688e-01
7.686429245684299749e-01
7.691332060252032976e-01
7.698710713214178547e-01
7.702886961128483367e-01
7.704444952779273548e-01
7.716202927409167023e-01
7.718362513908220146e-01
7.726403384588556023e-01
7.728259984020263706e-01
7.735151600173114650e-01
7.738250242215998220e-01
7.746236158348860368e-01
7.750883042529844724e-01
7.756538511449446727e-01
7.760070644995991085e-01
7.765223631211757294e-01
7.775275209178705849e-01
7.782001308897419367e-01
7.787590446940193534e-01
7.790991123694505083e-01
7.791887406886292000e-01
7.794784736849985629e-01
7.800936076965914179e-01
7.815850520838983906e-01
7.821058646704661665e-01
7.822782126895844179e-01
7.829586015965555035e-01
7.836617450350669145e-01
7.836920205799866590e-01
7.848278385262227319e-01
7.849839280460897406e-01
7.853545182348738996e-01
7.857115559351286471e-01
7.865588781514426531e-01
7.870322545020651539e-01
7.875486378991165548e-01
7.885889781368459195e-01
7.888885803194586321e-01
7.892211538561813011e-01
7.900396098141375667e-01
7.909130039678485824e-01
7.911405642268027893e-01
7.917255481796943162e-01
7.922132477708038190e-01
7.935927046387676320e-01
7.938163307714815042e-01
7.944255426872930403e-01
7.948779790707543036e-01
7.952616897700016674e-01
7.961407780978818627e-01
7.963293590142641598e-01
7.975315927198326493e-01
7.983110926979456456e-01
7.988520986820994985e-01
7.993642776006292250e-01
7.999283173289994942e-01
8.007693550994103848e-01
8.012761760420077373e-01
8.024917283410241131e-01
8.026638056309753910e-01
8.035776429914722740e-01
8.048770227538690758e-01
8.050805274318109106e-01
8.057336549206879361e-01
8.067130954793414466e-01
8.078576207768167761e-01
8.078841828713000384e-01
8.083854497894592539e-01
8.085479793096028711e-01
8.094245621728635154e-01
8.105892836336016094e-01
8.118601094568133059e-01
8.120688511618067151e-01
8.123269060101389050e-01
8.130633342773869732e-01
8.141254878392221173e-01
8.147714768301413946e-01
8.156917180955357560e-01
8.164238625125117554e-01
8.174221493138584815e-01
8.177035733032258502e-01
8.200686509539698577e-01
8.203194595058068694e-01
8.207592898233553314e-01
8.215457234205139070e-01
8.224592739705771649e-01
8.230502340443631715e-01
8.234695179546609456e-01
8.242212719020588496e-01
8.259783421184972996e-01
8.274194515451666065e-01
8.280971176695617331e-01
8.290282258335954779e-01
8.297228325919937530e-01
8.300631032308236623e-01
8.309556989417119510e-01
8.328162345846114034e-01
8.343158897444037381e-01
8.344742316570239460e-01
8.363064037062201139e-01
8.374571362799078100e-01
1.004676017454577908e+00
