1.161397415815362405e-01
1.222327739059590884e-01
1.262151926947537028e-01
1.293787964960051162e-01
1.314849165331888059e-01
1.348988489754222586e-01
1.359445032830319811e-01
1.367224637510363328e-01
1.418697081617356914e-01
1.437397901606961292e-01
1.445281805570881872e-01
1.471319501651925099e-01
1.488574522446869941e-01
1.498059577130402831e-01
1.509409376680405090e-01
1.538715029448322058e-01
1.567774016753219479e-01
1.578575969904016107e-01
1.590162319594228546e-01
1.602101085152201343e-01
1.607356430248851054e-01
1.639437258851365042e-01
1.653289016717317539e-01
1.663273669226765783e-01
1.668094666336318865e-01
1.680149606271423290e-01
1.685251636545851139e-01
1.691896812018604535e-01
1.710530689887929945e-01
1.722359402963514752e-01
1.723419841062291957e-01
1.745713233872715209e-01
1.760842393507363046e-01
1.770235943725717298e-01
1.771755167948717846e-01
1.783568724264723571e-01
1.800905473924694356e-01
1.805440454185369414e-01
1.821453695202303047e-01
1.842872799808628892e-01
1.846627217799201581e-01
1.856433122118935353e-01
1.871534274198403958e-01
1.895576750288615886e-01
1.900023111033585510e-01
1.910689425475306791e-01
1.920436878191976726e-01
1.924104381166159838e-01
1.939839375315614567e-01
1.943091322459163661e-01
1.951865260913151490e-01
1.954147028305012745e-01
1.960187287742313766e-01
1.976811521207322841e-01
1.986116152864496331e-01
1.992289215912908251e-01
2.000841293830160073e-01
2.013775218085924190e-01
2.020089362823621892e-01
2.029493906418743943e-01
2.044020380812091864e-01
2.050855353180176255e-01
2.055524234201344391e-01
2.062959323082248497e-01
2.073121561601921903e-01
2.089077265286335694e-01
2.094943260986845968e-01
2.097315835502877313e-01
2.101039430434999689e-01
2.119551590857744194e-01
2.122576446638369252e-01
2.136254526459762104e-01
2.148360519945421709e-01
2.153932925176051394e-01
2.162230941826527864e-01
2.167567351581297375e-01
2.176605062898329668e-01
2.179071597609505417e-01
2.185955923404115930e-01
2.191509539441463539e-01
2.196419246385715174e-01
2.211059982854662043e-01
2.217551664495452102e-01
2.240224888924234603e-01
2.248514138492797854e-01
2.254795670816789332e-01
2.257681116352695527e-01
2.262226097793557100e-01
2.270504476262570903e-01
2.276919501797688428e-01
2.285748931413759955e-01
2.299572493883695612e-01
2.307633150517117704e-01
2.312169888444928767e-01
2.323756152237429762e-01
2.325180621182430796e-01
2.333547728138062605e-01
2.335825593372347908e-01
2.348830253289405645e-01
2.361397476747726099e-01
2.365573215118886574e-01
2.371244510380181025e-01
2.373630078770198326e-01
2.384731739159081931e-01
2.392411310308153738e-01
2.402440525265971405e-01
2.405930231061622071e-01
2.415803820478126251e-01
2.427762741932235624e-01
2.430812871575022960e-01
2.443862729564632297e-01
2.446933920275883023e-01
2.461549357304079200e-01
2.469873033444988375e-01
2.476691790718445196e-01
2.483321049021518789e-01
2.489193584260163405e-01
2.501135857129296869e-01
2.508233989085599247e-01
2.514719401667759313e-01
2.519765306085997580e-01
2.532368654270240604e-01
2.537233090551510584e-01
2.541779317259650894e-01
2.549761625183059044e-01
2.554606523962781317e-01
2.560415834592782436e-01
2.568395332514666340e-01
2.569752268434392084e-01
2.576620853464229310e-01
2.588171171330443943e-01
2.591494762731957335e-01
2.593036414506816323e-01
2.603293041927222662e-01
2.614206842022394617e-01
2.620369501785803634e-01
2.631824590550572163e-01
2.637992783552094433e-01
2.648581094387650325e-01
2.653037786035599699e-01
2.667222094565179780e-01
2.670224185209861267e-01
2.674795579941007251e-01
2.675430226846099990e-01
2.678847596703808898e-01
2.686043687894877907e-01
2.701383270535628323e-01
2.703985170899734780e-01
2.712476218964287034e-01
2.715595289027423198e-01
2.726264063932701265e-01
2.736360712267847939e-01
2.737950128448495835e-01
2.742238032274553206e-01
2.750821887809285493e-01
2.754239196070006335e-01
2.767213402539950851e-01
2.771483053107972605e-01
2.782077769282021995e-01
2.791582876359558485e-01
2.794148232935854126e-01
2.803712793616697230e-01
2.816458782270170880e-01
2.825230071263389875e-01
2.827011867101252851e-01
2.835301384219632848e-01
2.841245203478908188e-01
2.849832748342966959e-01
2.856285662731450903e-01
2.859740141348520170e-01
2.865000895956367200e-01
2.869457138296570564e-01
2.881519710599034778e-01
2.885342833020999032e-01
2.892870513112881237e-01
2.895276220926575883e-01
2.903281872326891055e-01
2.916542990721884276e-01
2.922102599521828603e-01
2.929709781857792184e-01
2.933215083756835484e-01
2.939780074529965148e-01
2.946070937543656676e-01
2.951469361424641225e-01
2.963889078573190283e-01
2.966820840003669968e-01
2.974262467955975930e-01
2.992376771350179210e-01
2.995618447411816376e-01
2.998135442506546511e-01
3.008061734409542276e-01
3.012527922910781530e-01
3.018725913215452583e-01
3.022003377691638848e-01
3.028627647636398246e-01
3.032792915997405969e-01
3.051420864235157571e-01
3.060227681375299325e-01
3.063236662168293822e-01
3.085590161751623484e-01
3.086888591559837081e-01
3.091556316107804681e-01
3.097819221852062821e-01
3.108487212032814972e-01
3.112478286438574715e-01
3.120118857828989012e-01
3.133588073240338723e-01
3.136006027339526825e-01
3.146768739993145436e-01
3.152322960917188222e-01
3.164032297444427377e-01
3.170924582681860504e-01
3.181033550003035670e-01
3.192067125951713602e-01
3.196768832350743161e-01
3.212096874255696566e-01
3.218924052434346539e-01
3.225628938349636154e-01
3.233522327305969890e-01
3.237571609384685134e-01
3.247004297543613083e-01
3.257968996449683297e-01
3.262132126944385924e-01
3.264885381392338970e-01
3.278704411164655164e-01
3.295503645130095083e-01
3.308416160671638351e-01
3.318629378097255334e-01
3.321482462547499792e-01
3.324543051619041623e-01
3.353491234587634429e-01
3.358117261998714298e-01
3.366267367732238558e-01
3.367907231165448989e-01
3.380786941331253570e-01
3.390180320039703488e-01
3.394295647487449719e-01
3.397697810864701573e-01
3.419779548324703988e-01
3.431949916713062931e-01
3.453519592454265541e-01
3.459750820138697835e-01
3.473010606545403611e-01
3.487998558796500115e-01
3.494104846929443897e-01
3.505997943633449854e-01
3.528183635203497315e-01
3.543794168296328095e-01
3.559886620797558798e-01
3.571171403289744584e-01
3.578081039863527102e-01
3.596630918296361279e-01
3.611783302864483014e-01
3.651582750944241673e-01
3.669188350656719666e-01
1.049345952555731154e+00
