1.384581003519096132e-01
1.403492479402050630e-01
1.410211035333847618e-01
1.425928060264521346e-01
1.450102431168540373e-01
1.474221930843735151e-01
1.494921828745597037e-01
1.515630326664420824e-01
1.527119988730386568e-01
1.535885849871258535e-01
1.547861936556973739e-01
1.561677309474766295e-01
1.576904865271440692e-01
1.586510450350957779e-01
1.609850268715382893e-01
1.618684820017630144e-01
1.626605887559069430e-01
1.632989971565696752e-01
1.651845196289634943e-01
1.661822664415790185e-01
1.663726600996128513e-01
1.676998486089527340e-01
1.689841307679314786e-01
1.695954571837826885e-01
1.708560955206656629e-01
1.715237984899689594e-01
1.720111810079278936e-01
1.744603170124202629e-01
1.754260734864613869e-01
1.759454503155485627e-01
1.777896440402280953e-01
1.782855391371785669e-01
1.791379319495942646e-01
1.803976444346138408e-01
1.811856662902757431e-01
1.820794634431887882e-01
1.825392054228279493e-01
1.840857489122755819e-01
1.847128403825707699e-01
1.851319469590787525e-01
1.854873196864417484e-01
1.868461013919479885e-01
1.869275851964491975e-01
1.875700979217759801e-01
1.894848118180433860e-01
1.909345433133480818e-01
1.916786171146627193e-01
1.924740250309179002e-01
1.933764950900093149e-01
1.948445785579142886e-01
1.953411377968394536e-01
1.958928278397497891e-01
1.963064311107988458e-01
1.972949541065394385e-01
1.983500428315495556e-01
1.986921870912626287e-01
1.987917611930265227e-01
2.014489438844650204e-01
2.016911856120917057e-01
2.021719989920242044e-01
2.032012230077114012e-01
2.042681032566429633e-01
2.052563634192938746e-01
2.061474298214498180e-01
2.062633720544812810e-01
2.066767395928912898e-01
2.080978082899395953e-01
2.083330545492082242e-01
2.086465209599056292e-01
2.096493095014668184e-01
2.108455423420283747e-01
2.119446448388637994e-01
2.122721305624521160e-01
2.128263359503959617e-01
2.136602001334081125e-01
2.144837802701212159e-01
2.161834425114942393e-01
2.163223968385104556e-01
2.168451055179693165e-01
2.175671879331484149e-01
2.182747922579412192e-01
2.191508454499747072e-01
2.195706510582388915e-01
2.204650047611803609e-01
2.215794754654482057e-01
2.219149739504380492e-01
2.232190321793492138e-01
2.234755884452655217e-01
2.240360438742931004e-01
2.245389832539491093e-01
2.257603658873605645e-01
2.263734418004639815e-01
2.272634391660748321e-01
2.280677379683319628e-01
2.285365489104068393e-01
2.291100124298479923e-01
2.300107193320419796e-01
2.311772300096756882e-01
2.313042060380669229e-01
2.327758028422575731e-01
2.334196451665644378e-01
2.336681862180358671e-01
2.344787155240364851e-01
2.348676833935785246e-01
2.358258421767276125e-01
2.369841235765122456e-01
2.372885045624683054e-01
2.377758112188967932e-01
2.389190456565731813e-01
2.399223872782218214e-01
2.402910379125162144e-01
2.410513285540123174e-01
2.423266169130583458e-01
2.426825275300522333e-01
2.433863356184981230e-01
2.439217944846534258e-01
2.453909373767460544e-01
2.461704078178148791e-01
2.464049009345411212e-01
2.470491618530995803e-01
2.476094690149752420e-01
2.488967112916103674e-01
2.497270886353722408e-01
2.499629985303184199e-01
2.509511167076733940e-01
2.511991057145982476e-01
2.518780471969565560e-01
2.527035012743117925e-01
2.533786101605569052e-01
2.543109829306338110e-01
2.547986434249638887e-01
2.550998005952487269e-01
2.562380298627325304e-01
2.574042785661689314e-01
2.582415248652108475e-01
2.585786120200112004e-01
2.593042818348301193e-01
2.607123949694497567e-01
2.611346404303591662e-01
2.615995821147261147e-01
2.629241218638396216e-01
2.633763560060266018e-01
2.637550369837954878e-01
2.642819026285362360e-01
2.654551695979734394e-01
2.664873093337439269e-01
2.665534824041151940e-01
2.667686940686370689e-01
2.679588390072409898e-01
2.687077846092348898e-01
2.696846808863162526e-01
2.699729531836616570e-01
2.710151552451988133e-01
2.714418825896176557e-01
2.725630582120074363e-01
2.731558605999933054e-01
2.736159063785298939e-01
2.751179086677573715e-01
2.757313596406286704e-01
2.758910186694074618e-01
2.772539771342958370e-01
2.782284165424389610e-01
2.786477953710411737e-01
2.789112170860009732e-01
2.799414802472475206e-01
2.809964199727860157e-01
2.818388290655794437e-01
2.822490680830265775e-01
2.830357114147907249e-01
2.843641533384305142e-01
2.845055640703360589e-01
2.850551107279725715e-01
2.853133721774792630e-01
2.865272840348378480e-01
2.869888902129941743e-01
2.874056428117576223e-01
2.885536915688036719e-01
2.900444351365022433e-01
2.905017177793544625e-01
2.913712630246462210e-01
2.927678170234284671e-01
2.928920639134359183e-01
2.941574070936370799e-01
2.944700195490118078e-01
2.949493622361908929e-01
2.963178909492065194e-01
2.972620900097828200e-01
2.978725662796895546e-01
2.982376365816269970e-01
2.995249379597778039e-01
3.001415186543628377e-01
3.009854954570679308e-01
3.019135401148239639e-01
3.027732270892959932e-01
3.038383223601093253e-01
3.040823116785715818e-01
3.048190559569726732e-01
3.057565473242523368e-01
3.065578808020384960e-01
3.071374711237502275e-01
3.074806657006857735e-01
3.081566050075074115e-01
3.090526127129537559e-01
3.097254020378016337e-01
3.112306119838696983e-01
3.125723203900750979e-01
3.133986439172696814e-01
3.143974751401704126e-01
3.147657019442219872e-01
3.154138500717827975e-01
3.176421463460797900e-01
3.178562623107545337e-01
3.188063593766622406e-01
3.195798349446486997e-01
3.200350677982638503e-01
3.208528787295648055e-01
3.213910918454626064e-01
3.230634337009853918e-01
3.231613114471257875e-01
3.248394079738989859e-01
3.263981275522780390e-01
3.269137286105809892e-01
3.277754978711575062e-01
3.291986416748020616e-01
3.303731600986173911e-01
3.308980269445062072e-01
3.326818180544576231e-01
3.333135707727536978e-01
3.347367340464167396e-01
3.355306220594405642e-01
3.377593988507189282e-01
3.384315774308886970e-01
3.389050263956877029e-01
3.397259824032935471e-01
3.401801854513225032e-01
3.418011694234427411e-01
3.434523835776067124e-01
3.444178473946853947e-01
3.447402874743407120e-01
3.464383833756033981e-01
3.473525127192131357e-01
3.486965460786435878e-01
3.495562494754813621e-01
3.510400302687588514e-01
3.512928773287335993e-01
3.535034081628737335e-01
3.569679778258916802e-01
3.577492393826760542e-01
3.594311887694620067e-01
3.605271101980777049e-01
3.633349261933722651e-01
3.640034173914267757e-01
3.658066893940237208e-01
3.683739480958328483e-01
3.711260677366821081e-01
1.004126843886806952e+00
