4.996738401399771212e-01
5.045669056008077469e-01
5.063580678229768761e-01
5.073936637976048658e-01
5.092413779402115148e-01
5.111394103887455520e-01
5.113695013005389312e-01
5.139819661043862897e-01
5.148061999007547129e-01
5.176811043193354500e-01
5.188415587544586982e-01
5.201605628141487969e-01
5.209542080372027151e-01
5.229079966416794178e-01
5.238566041696579578e-01
5.254885673577784910e-01
5.260146680880395387e-01
5.272824736582361060e-01
5.284507009242594977e-01
5.298727260687243756e-01
5.302234049140787109e-01
5.320994266069225542e-01
5.340038885670581603e-01
5.341780441516320588e-01
5.345319240925474613e-01
5.352243124861152390e-01
5.364437904049821348e-01
5.369685708289602122e-01
5.378807001291323608e-01
5.385900018008707990e-01
5.396646300483178837e-01
5.400252620934193892e-01
5.405163214814336925e-01
5.413817320515611486e-01
5.418640315931261275e-01
5.426465992494386992e-01
5.438244291990931290e-01
5.446392637166987960e-01
5.447717398202194250e-01
5.452194819410692839e-01
5.465948431857746703e-01
5.470203011029237672e-01
5.473621824323705587e-01
5.476190858238466630e-01
5.483969609237620002e-01
5.491174939356148199e-01
5.494996393284027336e-01
5.505310597789950799e-01
5.508189689730434990e-01
5.510804499541367418e-01
5.519157691762458517e-01
5.525711491776025275e-01
5.533224452696392515e-01
5.539544297784855242e-01
5.552399483084377030e-01
5.554327552993308936e-01
5.563315831710914372e-01
5.567146700933797154e-01
5.575176599443929515e-01
5.578266781220396764e-01
5.583141038157946046e-01
5.587473234513176124e-01
5.593060816981944017e-01
5.600608493126049137e-01
5.604254565662322163e-01
5.611660961650725143e-01
5.622503636049659415e-01
5.624738348326959736e-01
5.631425648317807120e-01
5.635796642957368041e-01
5.641986944909468393e-01
5.649017922313688267e-01
5.655059451534447668e-01
5.656576786390168365e-01
5.663430859482241342e-01
5.666151179423759565e-01
5.673218790661125333e-01
5.678593097102440090e-01
5.685718322977533212e-01
5.690505404797077116e-01
5.694863580528534142e-01
5.700590181795697209e-01
5.704163170086758994e-01
5.706510241914298787e-01
5.712665657977352707e-01
5.719085083546514570e-01
5.720952206732805578e-01
5.723596373369435053e-01
5.736836670915115288e-01
5.738371285991833437e-01
5.741830087337703725e-01
5.748371153555290602e-01
5.755114853926566187e-01
5.758186613861954184e-01
5.765142442018463820e-01
5.768352782663959122e-01
5.774012174056152302e-01
5.776549287530682308e-01
5.787062114861836193e-01
5.792035546341666175e-01
5.795417702087992673e-01
5.803052098179101170e-01
5.806523656795481436e-01
5.811731460155137308e-01
5.812734278645190766e-01
5.814927169027327425e-01
5.823435190530865668e-01
5.831219461831660400e-01
5.834822452355563627e-01
5.839960153746621696e-01
5.843224219017966181e-01
5.852028386514582792e-01
5.855528306868427180e-01
5.860508906406994845e-01
5.867556145727640393e-01
5.869815803725429992e-01
5.874187733210071150e-01
5.879647755820763821e-01
5.881983906489213210e-01
5.888437729608025917e-01
5.892731921176596055e-01
5.895238002473788264e-01
5.898221986702351094e-01
5.900587221875031041e-01
5.908194420708636763e-01
5.910368593143028315e-01
5.915792943285551608e-01
5.920730644721685643e-01
5.923300823349332278e-01
5.930280349973774401e-01
5.934713925261545509e-01
5.940056528670153435e-01
5.945774095051700181e-01
5.950351147180762412e-01
5.955579004736264448e-01
5.957480748035361984e-01
5.965049082294564542e-01
5.968623213946947503e-01
5.975945734658985042e-01
5.982652501887141261e-01
5.984765003088826640e-01
5.988468526440680062e-01
5.995840498169912047e-01
5.999742544654917964e-01
6.006712165917218460e-01
6.010936528257758704e-01
6.013465993886120131e-01
6.022158483831547837e-01
6.024421399096578922e-01
6.027101692051793913e-01
6.032539828698120221e-01
6.039121929738666683e-01
6.046322254962120946e-01
6.051977866791117266e-01
6.059338488193061201e-01
6.063077545383028788e-01
6.066343789455992397e-01
6.068870216810557938e-01
6.073677319566507249e-01
6.078948506003952756e-01
6.080167608232626142e-01
6.088450432248144750e-01
6.092215451744874555e-01
6.097235129767358819e-01
6.099480599557067784e-01
6.105258122503488538e-01
6.111272282318311877e-01
6.116016087469404727e-01
6.120157573381883598e-01
6.122323175073529633e-01
6.125842230337669170e-01
6.129214334422086186e-01
6.134086906280988849e-01
6.136852007650231977e-01
6.139302834845928869e-01
6.150252638144724227e-01
6.158801320634574861e-01
6.163979728311300699e-01
6.173827795423224574e-01
6.174957677710057879e-01
6.176524268452423527e-01
6.183348844631705310e-01
6.192053302186766306e-01
6.196602516443137088e-01
6.201831411523499593e-01
6.203926828145102101e-01
6.212102736186049246e-01
6.214098388971419640e-01
6.215890024611256948e-01
6.224903155157861523e-01
6.229563963184736597e-01
6.234489138827833399e-01
6.242138581179773604e-01
6.249891703585481739e-01
6.255304120984261917e-01
6.263651429641198254e-01
6.264968623527448210e-01
6.269248476706443807e-01
6.271133633846297517e-01
6.274946044723302974e-01
6.280312982076728945e-01
6.286740640012907777e-01
6.297227013529671513e-01
6.309051175900362018e-01
6.313169376255896026e-01
6.322905122113473553e-01
6.327292047391561702e-01
6.329558312331327041e-01
6.332462766823930833e-01
6.338590901104129705e-01
6.347230471140618002e-01
6.355062597718221795e-01
6.358748804277749578e-01
6.366930354847543105e-01
6.374840170540961859e-01
6.378388807133623661e-01
6.385907918386394266e-01
6.394568607711100805e-01
6.395753261284513602e-01
6.396623831083063649e-01
6.400842699932546287e-01
6.415954886675179214e-01
6.417280548395537521e-01
6.422690268317186035e-01
6.424196227889443778e-01
6.438727020227487108e-01
6.444544181330280619e-01
6.451207702326563487e-01
6.458816542877127143e-01
6.463428742621268874e-01
6.468712136308363281e-01
6.479125874539571894e-01
6.494182922711017047e-01
6.497421520044047716e-01
6.501444350115546111e-01
6.505349766587770199e-01
6.514265653373139120e-01
6.520658029673790379e-01
6.532724681603826467e-01
6.539270881713380446e-01
6.546015917045676646e-01
6.553931055880701795e-01
6.566993442571926742e-01
6.573410581706629063e-01
6.582887943018554955e-01
6.590529560344730031e-01
6.594979424009816960e-01
6.599039618083389902e-01
6.618131438544780920e-01
6.631946191433116811e-01
6.647005784220767488e-01
6.658860641879297271e-01
6.669681089587151668e-01
6.699091661894630567e-01
6.706741885239101419e-01
1.009293461339792142e+00
