6.806996453589725382e-01
6.828305257148361562e-01
6.903577592374017247e-01
6.931380845557384429e-01
6.950309696725996966e-01
6.963391778504024465e-01
6.966353842832985199e-01
6.992637114733641912e-01
7.015814240150396452e-01
7.030353750409480407e-01
7.037929528460079576e-01
7.042732284941187748e-01
7.043819332967573565e-01
7.057208533678315243e-01
7.066051126968017071e-01
7.076033754405310905e-01
7.087076618412849749e-01
7.100679045826979729e-01
7.112282293930870525e-01
7.118745130397758913e-01
7.120453144455057837e-01
7.127541916916673159e-01
7.130870976867158539e-01
7.136144613209163268e-01
7.141635383648139435e-01
7.148536895556492077e-01
7.155413018581868734e-01
7.160590664124747429e-01
7.164975699223410377e-01
7.178414568190291112e-01
7.180452453794223810e-01
7.183040807754474955e-01
7.190266071282936933e-01
7.200012331415474032e-01
7.201731328129523657e-01
7.204940653692144537e-01
7.219278705807943286e-01
7.220631412514579850e-01
7.223581857818328622e-01
7.227912428872571571e-01
7.230513747779647726e-01
7.236817909685815398e-01
7.244612259363488738e-01
7.245818073313725627e-01
7.249626732173444221e-01
7.253844564101842307e-01
7.257171553710310974e-01
7.258329957046869563e-01
7.260430515745158742e-01
7.262792982799459729e-01
7.274469319200280726e-01
7.278001615687610393e-01
7.281693256825246818e-01
7.290600120489215685e-01
7.292735381472551515e-01
7.296863380947153921e-01
7.299075073339034159e-01
7.304420526099610900e-01
7.306529048865979536e-01
7.312415647075292124e-01
7.316406139113323936e-01
7.322173906235671659e-01
7.326360886823991558e-01
7.330463430283827853e-01
7.333519516467587041e-01
7.335487133616386268e-01
7.340357993994965913e-01
7.343725667474664265e-01
7.345642065328485959e-01
7.351627319802115368e-01
7.353718230631651753e-01
7.357662052472561109e-01
7.361833166660187722e-01
7.364845547961941241e-01
7.367640118156603135e-01
7.372620232871780477e-01
7.374664402618170689e-01
7.377866554860157411e-01
7.380982086448549806e-01
7.383592565616103887e-01
7.386878217785913803e-01
7.390882549805543045e-01
7.393392299686557534e-01
7.398506786064483753e-01
7.401483303716238638e-01
7.404162874391251314e-01
7.407393747441797238e-01
7.412102017693478206e-01
7.414563334983326204e-01
7.415818011066724891e-01
7.419208022958270199e-01
7.423710702075976275e-01
7.425426203438000305e-01
7.427738787954208943e-01
7.433297083992499443e-01
7.436201154479620268e-01
7.438614802735852294e-01
7.444746886310896761e-01
7.447568598352477531e-01
7.449676492754809809e-01
7.453327420866049380e-01
7.454735592641590358e-01
7.461488431076191974e-01
7.464823084198918268e-01
7.468738170606252780e-01
7.470830173807765373e-01
7.474069792850945859e-01
7.479857238956302279e-01
7.481520983876205344e-01
7.484134950301397637e-01
7.485569948545631735e-01
7.488969453761344930e-01
7.492247041344102243e-01
7.492654526911927126e-01
7.494675339554969229e-01
7.500878233307777254e-01
7.504568134142217684e-01
7.509835432521382304e-01
7.510697284304822530e-01
7.513707124559000361e-01
7.517699444352929916e-01
7.520086016310479904e-01
7.524185639443600193e-01
7.529136832944236524e-01
7.531647300188740735e-01
7.535276263308628986e-01
7.535419066143871358e-01
7.540572208001594667e-01
7.541876278050212434e-01
7.546830867731432191e-01
7.552339391525603185e-01
7.553661330933706397e-01
7.557059360712635732e-01
7.559639280112947501e-01
7.561644668250351309e-01
7.567090843048194237e-01
7.567733029465368855e-01
7.572218059958831793e-01
7.573951199723997219e-01
7.578258584862130887e-01
7.579878974760499988e-01
7.586695726196965861e-01
7.588872540058156924e-01
7.590677984829437008e-01
7.596075388712146825e-01
7.598999024425295845e-01
7.601801078419357927e-01
7.605055400440107194e-01
7.607598324968918302e-01
7.613816235767046914e-01
7.614423963344085777e-01
7.619161042002753348e-01
7.621665062648266264e-01
7.623461027064150075e-01
7.627138990021176124e-01
7.628804606731582894e-01
7.632916412633413694e-01
7.637956994812152844e-01
7.640954041530212404e-01
7.642888993177473500e-01
7.644943452130797956e-01
7.646920338437910303e-01
7.651506835636353587e-01
7.652303408768597048e-01
7.654178649249707700e-01
7.657310459621803345e-01
7.663849227007702991e-01
7.665193283937602464e-01
7.668367842884562524e-01
7.669674392310512623e-01
7.674616570630133916e-01
7.680020913378083902e-01
7.683303885314395343e-01
7.687397143306752278e-01
7.693216345282491986e-01
7.694862684580551226e-01
7.696938478692183505e-01
7.701013500005932100e-01
7.701783632046931283e-01
7.708122650058049086e-01
7.709726413940264367e-01
7.712245494831510007e-01
7.713409885399070687e-01
7.719950575485078348e-01
7.724251113597291329e-01
7.727431380910529946e-01
7.729846678065616095e-01
7.732261402746761769e-01
7.736527780957829226e-01
7.741218282941377815e-01
7.744827088246470925e-01
7.747491154289538606e-01
7.753623957408698475e-01
7.758701858630049353e-01
7.760335752858867897e-01
7.761260813558716887e-01
7.763857813590653301e-01
7.769517345696103083e-01
7.775231191262098607e-01
7.777451532959446245e-01
7.779850135998417349e-01
7.785652552636677104e-01
7.789421396158050515e-01
7.794916109797715986e-01
7.796920690697720646e-01
7.803152539639793828e-01
7.806288171399307085e-01
7.807082545672865415e-01
7.807747567003339162e-01
7.812710912058062895e-01
7.817312634855116960e-01
7.820770847420237537e-01
7.826903921301036071e-01
7.827984598019032125e-01
7.832426810099745174e-01
7.834741202055972575e-01
7.836561473179933790e-01
7.840504707003476126e-01
7.845602928702426482e-01
7.851624247343528262e-01
7.858800060952721989e-01
7.863677541372239288e-01
7.865650602395063418e-01
7.870246528660127527e-01
7.872523982576745682e-01
7.881453589420280847e-01
7.882850687741044249e-01
7.890135632034055435e-01
7.894437760026357109e-01
7.898881921678277962e-01
7.902759651737072399e-01
7.908257429570898500e-01
7.910204082489105115e-01
7.914001785582751580e-01
7.919640331388261290e-01
7.924294166665271089e-01
7.930424263646523864e-01
7.934273667168696420e-01
7.937852172687667185e-01
7.944046316570290145e-01
7.948143573052406374e-01
7.953942167681958830e-01
7.960520103921031598e-01
7.967868894676217728e-01
7.974957243131171047e-01
7.979595889120483232e-01
7.985101475167188934e-01
7.990390128830573424e-01
7.995208262137355471e-01
8.005501237546275295e-01
8.017046129941899357e-01
8.019576206893056503e-01
8.024416669442345773e-01
8.048342176613660914e-01
8.059895555344911422e-01
1.006320561560163362e+00
