5.052318048766300806e-02
5.316344367569632995e-02
5.798377598713765763e-02
5.997897540981989711e-02
6.039672114055488067e-02
6.107280869876094420e-02
6.306629816411224443e-02
6.428261604069344937e-02
6.708375403266830794e-02
6.870240960622078785e-02
6.985573800867059258e-02
7.087040039025044313e-02
7.165502949650194575e-02
7.358485633643516155e-02
7.643498397737048811e-02
7.772916169960317201e-02
7.792726718777592820e-02
7.835818719134693411e-02
8.005720442449064389e-02
8.208376450877671870e-02
8.319477812309457321e-02
8.371758156266578821e-02
8.442522610386697657e-02
8.466737279272648631e-02
8.701537252363329700e-02
8.741036930077920875e-02
8.868326765971226711e-02
8.976754231187410171e-02
9.062249098866967389e-02
9.266159447164687424e-02
9.299106101377366262e-02
9.431958257968196813e-02
9.495295539951154051e-02
9.625672398511990469e-02
9.633155262793383078e-02
9.764671486211064233e-02
9.858404747183202588e-02
9.961057524604406688e-02
1.009528438457195504e-01
1.018739868026436041e-01
1.020488628199086589e-01
1.032704736773407822e-01
1.047457570745722738e-01
1.060164591487317565e-01
1.070812170583945871e-01
1.074558683887310434e-01
1.084113256228684402e-01
1.085779909853007846e-01
1.097920164156216821e-01
1.102327678506690167e-01
1.109907358836585423e-01
1.115741524952794383e-01
1.134031234026430662e-01
1.138809666906826917e-01
1.155433837119394236e-01
1.158741586419770042e-01
1.166816522547695495e-01
1.176311961389442384e-01
1.192843876410983883e-01
1.201277647335766280e-01
1.203419584862391034e-01
1.207719087287940224e-01
1.216471117079960251e-01
1.224235417363049166e-01
1.229833679894793419e-01
1.234908566438573801e-01
1.239601664179054569e-01
1.258913221324240439e-01
1.262527038546303326e-01
1.276188488205530491e-01
1.288088025082791133e-01
1.291963301813359999e-01
1.296585718084295458e-01
1.298419675107571614e-01
1.319068053958334930e-01
1.322571830141225924e-01
1.327414893716215849e-01
1.336356252111988441e-01
1.344858324148698880e-01
1.350231451742786026e-01
1.361633664346407202e-01
1.365199490092275370e-01
1.369824933445529525e-01
1.380401843151121133e-01
1.385655823825271138e-01
1.390732070275374210e-01
1.398975173033834563e-01
1.409885670538044145e-01
1.426615890720759616e-01
1.434467665573655459e-01
1.437239845444628350e-01
1.450882422906334124e-01
1.455377594599444324e-01
1.471960233108557392e-01
1.474371084102840124e-01
1.482382509245307178e-01
1.492393204827335840e-01
1.495255723425681360e-01
1.508276654034723108e-01
1.520560347616266295e-01
1.523427054779687706e-01
1.529517307025271555e-01
1.537240266823321766e-01
1.547489031962016315e-01
1.553893978337649306e-01
1.555273772794100728e-01
1.568061987333675966e-01
1.580416068525096751e-01
1.597427630452157299e-01
1.600259584554864223e-01
1.601795537848008100e-01
1.613874259624210328e-01
1.619769396368112846e-01
1.630067856351480604e-01
1.635031270183099072e-01
1.636259971831000026e-01
1.640267891872800587e-01
1.664543454897933206e-01
1.668148472645920588e-01
1.676841472914032682e-01
1.681719590766286299e-01
1.691999227285370111e-01
1.693596205892937689e-01
1.701670201825774831e-01
1.706809979723634962e-01
1.720236342216781289e-01
1.731937595680025366e-01
1.739144200628052750e-01
1.750357580486316400e-01
1.753637096343624857e-01
1.759031334762197751e-01
1.773278333356397007e-01
1.783516126716480910e-01
1.783943878447584452e-01
1.799581463430123263e-01
1.803043358342497071e-01
1.814683245067220951e-01
1.820808934479443142e-01
1.825724729251786416e-01
1.831774798964749262e-01
1.839626766625903354e-01
1.842008556823002408e-01
1.850299711408117664e-01
1.864204787078902747e-01
1.873989350414992372e-01
1.876739404051990801e-01
1.880141253739504859e-01
1.882488035699485251e-01
1.898945719369791452e-01
1.913341631834000467e-01
1.916626879473137535e-01
1.926693109952402616e-01
1.934145187609349059e-01
1.944933230285277592e-01
1.950304196037043192e-01
1.960418950730294374e-01
1.961155746933944122e-01
1.973358793680639600e-01
1.977107126662095982e-01
1.986811841857950844e-01
1.998296999617951430e-01
2.004860833551415089e-01
2.007790915601715409e-01
2.021103189015466539e-01
2.029288269488092045e-01
2.039500301227423207e-01
2.050519337230675421e-01
2.052940295501276824e-01
2.060361627584769428e-01
2.060800291650425053e-01
2.067698695415840782e-01
2.074509210703376627e-01
2.088352643603385572e-01
2.093161598913870491e-01
2.095908606320343592e-01
2.101196842497844164e-01
2.124340849729988712e-01
2.125589997163533917e-01
2.128528816242278576e-01
2.134715550525522476e-01
2.142783194675988157e-01
2.153810367827316830e-01
2.160135977447200095e-01
2.163643404086430522e-01
2.165339035970827997e-01
2.183338285421220493e-01
2.193313471316847840e-01
2.196310725832651412e-01
2.208622706481766507e-01
2.226745574103893843e-01
2.234610574504869440e-01
2.241746224562726486e-01
2.250132596122226269e-01
2.265901255620586252e-01
2.274078344361064041e-01
2.283997119971117595e-01
2.291669475979141724e-01
2.295537376292014764e-01
2.315245913371152819e-01
2.320084440037726292e-01
2.323442026237788338e-01
2.338955727761047598e-01
2.346429228569578695e-01
2.347817195113116040e-01
2.358745150495912268e-01
2.361004331407735857e-01
2.376153907061514248e-01
2.383000238402674387e-01
2.392600669079148756e-01
2.404297950060926559e-01
2.405682929048701402e-01
2.410513680877965914e-01
2.423440166609855118e-01
2.439892534262615154e-01
2.462510103532498940e-01
2.465369426918392337e-01
2.476228700427353935e-01
2.483512303565019175e-01
2.496991178094969122e-01
2.500528326428653192e-01
2.507195540966421499e-01
2.515611127551444226e-01
2.526059584320178297e-01
2.529535430127800577e-01
2.537443757986500570e-01
2.561052609019338067e-01
2.573286524411851905e-01
2.583370523912686956e-01
2.584576847339962735e-01
2.598621923250675758e-01
2.622975480017000760e-01
2.635062276422413530e-01
2.639192830588647509e-01
2.643285920009191825e-01
2.652761497232748455e-01
2.671604337257760253e-01
2.675692040449020870e-01
2.701553927461538551e-01
2.709889233860600100e-01
2.714683798901788570e-01
2.732614307332166814e-01
2.749691471851343216e-01
2.757971068247346280e-01
2.764721612777046311e-01
2.780931350469132979e-01
2.784677166746890031e-01
2.810952970651403038e-01
2.837936001659429608e-01
2.861081771745224156e-01
2.873565432034648759e-01
2.895531717584481357e-01
2.924408074116935374e-01
2.932511340793558796e-01
2.955504866761625715e-01
3.003159077087810269e-01
1.004353219583099088e+00
