2.970216045394682980e-01
2.998070126716839146e-01
3.007038917674793588e-01
3.021863624734853482e-01
3.096720097499766067e-01
3.111184996445147677e-01
3.146580104959464941e-01
3.161123712903712857e-01
3.175000990197107686e-01
3.205151220443989146e-01
3.224870327385243596e-01
3.229600846948971760e-01
3.257152013475775876e-01
3.265322162230979708e-01
3.291738041153528527e-01
3.303572404604774304e-01
3.319071944062663149e-01
3.339251192536161761e-01
3.351965586506828743e-01
3.366920583494938946e-01
3.374236232163397298e-01
3.417009531920192078e-01
3.424632293292922403e-01
3.428231430161370885e-01
3.433638593184968890e-01
3.448290923824012810e-01
3.469716573672624316e-01
3.482784531196126410e-01
3.493300635582237690e-01
3.509031717221734459e-01
3.519993515953132590e-01
3.525702833615641518e-01
3.533951935341242967e-01
3.556338825379095070e-01
3.564360199736652524e-01
3.574114012486277470e-01
3.578821943100694569e-01
3.585610452377830937e-01
3.605816719874381793e-01
3.614462726762875389e-01
3.622945575491164916e-01
3.636202864025697146e-01
3.646453240205786428e-01
3.655359992228403576e-01
3.666471328785867456e-01
3.668014318527572093e-01
3.671242800656012717e-01
3.689760904970945665e-01
3.696481363711554002e-01
3.701975913495129111e-01
3.713864437707809496e-01
3.717021055284079334e-01
3.726702475845320439e-01
3.738459886033443369e-01
3.744086149663464758e-01
3.756227531871255132e-01
3.762648758439633423e-01
3.768712669691591799e-01
3.772905084662961372e-01
3.780368169707775117e-01
3.788044934595857227e-01
3.798419994866508165e-01
3.808599392951619866e-01
3.822138084755307141e-01
3.828430096644964142e-01
3.834148729284761470e-01
3.846001270252170090e-01
3.854954777994977766e-01
3.868501032298208298e-01
3.880081328101772087e-01
3.888330693821991924e-01
3.891814165801406045e-01
3.897783232152580712e-01
3.904612996140084946e-01
3.907601136583449541e-01
3.916130328550860851e-01
3.922185625984626056e-01
3.931402675172838146e-01
3.936515224182559058e-01
3.949461971703666641e-01
3.954461061457019144e-01
3.959884651577829651e-01
3.972624940904784796e-01
3.977314687066287879e-01
3.984919029923167377e-01
3.988959562463497699e-01
4.001094468180520503e-01
4.004847321239438651e-01
4.014504239400107921e-01
4.018268396275055943e-01
4.023492460455974640e-01
4.029756384255043233e-01
4.039818256310646616e-01
4.043265694675351463e-01
4.050000059668084629e-01
4.056206360776061226e-01
4.068313963185849480e-01
4.074714402976871153e-01
4.076024272975634077e-01
4.084305867196490469e-01
4.087802914494251261e-01
4.093539243935564453e-01
4.096886931342251237e-01
4.105702122419020439e-01
4.114649952499029317e-01
4.119180606110076637e-01
4.127327918261030071e-01
4.128876938023464671e-01
4.139092956322948935e-01
4.142253589238193978e-01
4.149361192720103508e-01
4.160116655790812024e-01
4.164201898436718507e-01
4.171278095062384561e-01
4.177520892086362125e-01
4.182894906641605459e-01
4.189443429132700403e-01
4.201422718829694314e-01
4.204990869196323366e-01
4.208779229645090991e-01
4.216066346562938327e-01
4.219564271677902489e-01
4.226506838058117221e-01
4.231637374245133532e-01
4.235483656707542677e-01
4.237019167935563990e-01
4.250769335029256357e-01
4.255449352353858905e-01
4.262392745477869282e-01
4.265965638879293809e-01
4.278840114935459904e-01
4.282921484551476810e-01
4.286813230802458130e-01
4.295190860332229188e-01
4.306854981834835061e-01
4.317261616110932287e-01
4.324058907494094939e-01
4.325798101375102345e-01
4.328480197878084579e-01
4.340444435574172255e-01
4.344895030326518803e-01
4.352337175244790912e-01
4.360093803784836908e-01
4.366631971024747538e-01
4.370968641498184648e-01
4.371252646324038094e-01
4.373576376795176857e-01
4.380565707956166621e-01
4.387864813838904809e-01
4.397291348130023536e-01
4.399936477477566776e-01
4.403422564636718661e-01
4.412803717768308820e-01
4.426807508736327335e-01
4.430882901398143225e-01
4.434700614196711022e-01
4.441465641374720552e-01
4.450331344386563304e-01
4.455061835227429046e-01
4.462806210165841114e-01
4.464134683037231377e-01
4.471521584628919133e-01
4.475766390606058520e-01
4.481008199807359205e-01
4.487940646048146354e-01
4.494529873630695449e-01
4.498287455055464679e-01
4.503473659162006149e-01
4.512825705997415282e-01
4.518233737919840620e-01
4.523739540202972864e-01
4.532354047815456699e-01
4.536949954023529186e-01
4.551813042728916625e-01
4.559027372921644616e-01
4.565749215162417385e-01
4.569863194877428758e-01
4.575653242795808540e-01
4.583383403498498820e-01
4.587005704011375973e-01
4.596926086099220043e-01
4.606865172845461265e-01
4.612107964831426710e-01
4.617556164763577109e-01
4.622609744840306401e-01
4.630571281611036150e-01
4.636330886082493663e-01
4.642803822064789365e-01
4.646250746524009378e-01
4.654589243850960623e-01
4.661467811316367671e-01
4.669316711381462093e-01
4.676287120084071103e-01
4.677488743399791926e-01
4.687201943993480335e-01
4.692981263640841338e-01
4.697338766432922474e-01
4.702778771333090968e-01
4.710864956017968286e-01
4.715823479375584326e-01
4.728290915061014177e-01
4.733684363216977831e-01
4.740607996346883346e-01
4.746824171134406134e-01
4.752753655379046149e-01
4.756289796867516628e-01
4.764455726775025379e-01
4.769804911278304194e-01
4.771548548794628530e-01
4.794175375216279678e-01
4.798323822542103767e-01
4.801208045811511949e-01
4.808660708213193247e-01
4.817318960973369091e-01
4.822136139470712957e-01
4.828033991845434025e-01
4.836151721864279662e-01
4.846058380410965261e-01
4.856509007092157382e-01
4.860480172023261547e-01
4.866154116501412163e-01
4.875098523198927447e-01
4.877542767055561002e-01
4.892299447203490304e-01
4.902241552311443762e-01
4.911790317323218580e-01
4.921594249385191078e-01
4.931057054185882249e-01
4.931248281292212599e-01
4.944158077251618599e-01
4.949833259912460037e-01
4.954793372708519161e-01
4.961017947243783754e-01
4.962583644926356063e-01
4.976174440251822650e-01
4.992038381186941209e-01
5.010425770100613851e-01
5.012041834795547546e-01
5.026319100271291473e-01
5.030961328512036923e-01
5.035380424858518777e-01
5.059276731766572111e-01
5.069744840702208322e-01
5.082289481091031291e-01
5.094480627150109742e-01
5.102590262058629422e-01
5.119299880316223739e-01
5.122932404843252296e-01
5.136714660957740763e-01
5.142350819154890562e-01
5.168397750259683399e-01
5.178090456075902237e-01
5.180996584667344473e-01
5.234351636662101237e-01
5.247446026814170938e-01
1.023924501510877771e+00
