3.765569758114067911e-01
3.812273938994722444e-01
3.870216309688582768e-01
3.884749802958645248e-01
3.945125165596873318e-01
3.975497267486428621e-01
3.995932288916515529e-01
4.011948652753793421e-01
4.063852620762792855e-01
4.076451895957275973e-01
4.108077321207636579e-01
4.116846075495425028e-01
4.153448000914068960e-01
4.158296332607763768e-01
4.167986291916553343e-01
4.178375416567227663e-01
4.191481868985523218e-01
4.198681491702906943e-01
4.215744955324607357e-01
4.243388514021375624e-01
4.250677984897663353e-01
4.261889229938975454e-01
4.276082694893282299e-01
4.283452648958425146e-01
4.292273364768179889e-01
4.305596109578409547e-01
4.314740653406501369e-01
4.326017552920544129e-01
4.334162333804385536e-01
4.342051644321103243e-01
4.353974977396449231e-01
4.371176738505448967e-01
4.388708215531952894e-01
4.396697801959897900e-01
4.409962785725349832e-01
4.415920878824748930e-01
4.432052577839457608e-01
4.438234166822116467e-01
4.444554681980176225e-01
4.452170329733799448e-01
4.464770153803677144e-01
4.478816281841827007e-01
4.480211567177323495e-01
4.498189690629484372e-01
4.502625110467017855e-01
4.513292179740124865e-01
4.521649622463599361e-01
4.526167803312867166e-01
4.532585424767816562e-01
4.543538232905759422e-01
4.562884399128588342e-01
4.572922014831716786e-01
4.576968524011469919e-01
4.582417679250818665e-01
4.592413025635247448e-01
4.601448223778168423e-01
4.602505102994688402e-01
4.610218991036940106e-01
4.619503508904461153e-01
4.635934175347396491e-01
4.640503563685843269e-01
4.652504044301598585e-01
4.666170849825510558e-01
4.670243247292748534e-01
4.682818893088044332e-01
4.691790709837491691e-01
4.694963063932998115e-01
4.701662330485813501e-01
4.710894514628382601e-01
4.712903101013380391e-01
4.722930370593531046e-01
4.723054589132780756e-01
4.727727993197574086e-01
4.740462358739750970e-01
4.743816343554513870e-01
4.745486275456032299e-01
4.749401356996841295e-01
4.759424956038411092e-01
4.772277940557803078e-01
4.774587896002717158e-01
4.783219256718172496e-01
4.786223026229076694e-01
4.795255877336079831e-01
4.806395991412382163e-01
4.810092945593724689e-01
4.817377271724361809e-01
4.822223326411506084e-01
4.824977788500779963e-01
4.832101354342182020e-01
4.837565744372626653e-01
4.844883584944050803e-01
4.855412155370245619e-01
4.857281873129037364e-01
4.862458251899674511e-01
4.867096247933183073e-01
4.878677328002120062e-01
4.886221375898057717e-01
4.887809829020604568e-01
4.898539391428189949e-01
4.903047771192769466e-01
4.907675461408414486e-01
4.914933242351023912e-01
4.924567652075204083e-01
4.932441837811164520e-01
4.940642462989013883e-01
4.949656275961726304e-01
4.951844622619254177e-01
4.956981411729605158e-01
4.968475725946610577e-01
4.970801086466563046e-01
4.977889992729253033e-01
4.982986821608605399e-01
4.986384691928548163e-01
4.994854983876829690e-01
4.998047514617853238e-01
5.012362471869213909e-01
5.016892394779879361e-01
5.023242315843950978e-01
5.028972824721105184e-01
5.038585470550865919e-01
5.044791702587968496e-01
5.047820951877202145e-01
5.051067880689906753e-01
5.053098880781898838e-01
5.064636493707356246e-01
5.069709859157395249e-01
5.072428633357268790e-01
5.078380646855552571e-01
5.083284383986808042e-01
5.086476378933999509e-01
5.096849675903427634e-01
5.100836428626115415e-01
5.110287441979921574e-01
5.118483214990366958e-01
5.119623363386768267e-01
5.130908347005714853e-01
5.134044077336004097e-01
5.135340614769189349e-01
5.143977018126605349e-01
5.152060052426268300e-01
5.157207306562747728e-01
5.165958685281156759e-01
5.170139432502417476e-01
5.180268158547303159e-01
5.182422544701112965e-01
5.187683716179437576e-01
5.193154493546813244e-01
5.196497965867457047e-01
5.207146821807566717e-01
5.210434490665413199e-01
5.213576720554500277e-01
5.217651179064481948e-01
5.226718114453440256e-01
5.227934279390528127e-01
5.233622066008053464e-01
5.242633825545430781e-01
5.250620901139926300e-01
5.257350555032168637e-01
5.262223672573850264e-01
5.270675836204048448e-01
5.274506296357507340e-01
5.280519102059398895e-01
5.291027508933383583e-01
5.293543454010888327e-01
5.299768856972109088e-01
5.302683049993911490e-01
5.309140229023429081e-01
5.316110093053079133e-01
5.325203712993429317e-01
5.333430309217659371e-01
5.338058527400093567e-01
5.344106168217171993e-01
5.345777404255264154e-01
5.351184461847461327e-01
5.353346539693012440e-01
5.360095613508550905e-01
5.363982327191078037e-01
5.370271912783974866e-01
5.376530320285144438e-01
5.385203238129002701e-01
5.396799616816876366e-01
5.399466559275685196e-01
5.403655701867978722e-01
5.407801631003967824e-01
5.426741900107735495e-01
5.428377529502893539e-01
5.433223327912317657e-01
5.437270041627443318e-01
5.442564407678162075e-01
5.452547408672231422e-01
5.456360929353217815e-01
5.463775477853999307e-01
5.470393929515078302e-01
5.471652622449749703e-01
5.480875339124584578e-01
5.487693288295847349e-01
5.488865284841862868e-01
5.500106440273199171e-01
5.508726732415482052e-01
5.513425597201349060e-01
5.518062446641553986e-01
5.522821868817135993e-01
5.524643691688516656e-01
5.535064047629968398e-01
5.539103973094473554e-01
5.550703380034082146e-01
5.553708865851409993e-01
5.556692482163997360e-01
5.566076855672388302e-01
5.572283293258176728e-01
5.576282841898431153e-01
5.585543135193736797e-01
5.589620530924979125e-01
5.602166660896668038e-01
5.609074742781713363e-01
5.615160738173733401e-01
5.621026130231121520e-01
5.628968879101294842e-01
5.633584053866733665e-01
5.641418423072286359e-01
5.645375179293740109e-01
5.649925381141478464e-01
5.669459601533838322e-01
5.675684021699852755e-01
5.679850803690896788e-01
5.688833799591045404e-01
5.693655642128355732e-01
5.698991684175607197e-01
5.701229649401260424e-01
5.713964856331172903e-01
5.729324775475920228e-01
5.739917663475331278e-01
5.748083715018261763e-01
5.753022001709902078e-01
5.762669795123125382e-01
5.773217358244034925e-01
5.780951765763086003e-01
5.784723602433889944e-01
5.793168417899022815e-01
5.814464178196985245e-01
5.820736751207725712e-01
5.828585408109647759e-01
5.836884241544713081e-01
5.840866888306482929e-01
5.853264734830745386e-01
5.862719113045939956e-01
5.876236069934853701e-01
5.895250935727216479e-01
5.903673067413764963e-01
5.912619701589877375e-01
5.937818932683972539e-01
5.957390942298969039e-01
5.979858739113804722e-01
5.992780319215340601e-01
6.011114080982182806e-01
1.017163311372294654e+00
