1.468052085409267959e-01
1.504663378105983162e-01
1.532719517272813914e-01
1.622508149779365028e-01
1.645210487962339707e-01
1.683111272048914975e-01
1.707538762815047628e-01
1.714480353605113971e-01
1.746478686706720851e-01
1.765742534858771029e-01
1.769375288853479722e-01
1.786380960862906653e-01
1.803629440236249881e-01
1.819258258662165562e-01
1.862197467838648257e-01
1.871912595166793092e-01
1.891197744245467216e-01
1.907753769306547720e-01
1.916549317706187638e-01
1.929333334375510356e-01
1.958213515643062730e-01
1.968279631881502401e-01
1.983300463888274245e-01
1.993963368574338535e-01
2.018213952017710588e-01
2.027792298451102648e-01
2.035134998214363777e-01
2.044500245913742631e-01
2.062841543808145162e-01
2.070441557107655095e-01
2.080933538977460251e-01
2.102393867168495245e-01
2.115985481978985838e-01
2.121432554604934240e-01
2.132106859739383298e-01
2.143759497700797600e-01
2.161805313663568984e-01
2.163585189940480658e-01
2.170651984346229635e-01
2.183907078792118317e-01
2.209828551548659037e-01
2.212806882877655923e-01
2.226102160152242104e-01
2.229208451482276865e-01
2.237294936966769121e-01
2.243247315194382696e-01
2.256746904384952790e-01
2.263884886704540245e-01
2.270543406374337381e-01
2.282952181741016162e-01
2.300105599099854237e-01
2.308426438767558486e-01
2.317697398670775510e-01
2.330073412249629716e-01
2.334133802926674495e-01
2.345040446856412886e-01
2.356633335181106959e-01
2.360809685386476287e-01
2.365336249643352484e-01
2.378076730700774688e-01
2.384575299370938484e-01
2.392707653819402258e-01
2.405333222984113728e-01
2.415517232699277150e-01
2.422469920034003299e-01
2.427941952176855267e-01
2.441797022529714201e-01
2.445912005325262817e-01
2.450750443697724823e-01
2.463906296041531718e-01
2.466340812438820862e-01
2.481547035403340595e-01
2.482239477772528735e-01
2.497352360658832704e-01
2.502943915685809650e-01
2.512284965411675230e-01
2.522143606464625210e-01
2.524200341028662864e-01
2.534831668435179042e-01
2.544532739946560040e-01
2.552652913442932658e-01
2.558347306003164734e-01
2.568594458299738870e-01
2.575908390894732225e-01
2.581235353887693096e-01
2.588830814748260822e-01
2.599780152847636638e-01
2.613110707841886371e-01
2.619946548560544985e-01
2.625941834439386446e-01
2.630814406401589256e-01
2.640677721039254577e-01
2.648548526237199940e-01
2.651858437475413388e-01
2.661975349686747094e-01
2.670013885627991468e-01
2.675921567290354131e-01
2.679464454957829478e-01
2.692628043116341297e-01
2.695729320685660846e-01
2.702477313122914615e-01
2.704595045557203203e-01
2.714223968668421083e-01
2.728412981508293034e-01
2.733613929848898172e-01
2.739849061304461819e-01
2.744039660726704799e-01
2.751314080174881993e-01
2.763737278129175801e-01
2.767680892519636116e-01
2.778122492606115990e-01
2.780817094817396029e-01
2.792755974026023824e-01
2.796985749201137961e-01
2.804598024432624626e-01
2.810992526274000425e-01
2.814985513901718805e-01
2.825960954417446325e-01
2.830894306397619964e-01
2.835561709155016707e-01
2.843458803525329426e-01
2.853040980511460378e-01
2.860416969846940605e-01
2.867563182390048260e-01
2.868332285211467880e-01
2.881888311590497520e-01
2.893103118852016764e-01
2.898938344926529909e-01
2.908951024926216267e-01
2.920126567553831265e-01
2.927591527085934842e-01
2.938135196070145727e-01
2.941633976745917645e-01
2.945491026364399079e-01
2.948717854299081620e-01
2.955446128591156518e-01
2.966650177135248256e-01
2.968583443159441004e-01
2.981697651069268873e-01
2.984454596461960096e-01
2.985210740742832436e-01
2.997930183118634462e-01
3.000705632274093815e-01
3.004322970446950958e-01
3.015268949803563414e-01
3.019926690105205203e-01
3.025309865286239797e-01
3.033335557769316071e-01
3.034231225543733146e-01
3.046761209358306854e-01
3.052088851382315782e-01
3.057801460041247865e-01
3.060721438608765554e-01
3.065975968297188214e-01
3.073072496386954899e-01
3.090175376134056129e-01
3.099087842540671489e-01
3.102632310414903949e-01
3.109496594016485371e-01
3.117021306639705114e-01
3.122551552357747950e-01
3.124914457107075827e-01
3.133754155057058011e-01
3.140097678864550157e-01
3.148240685173808728e-01
3.154112678389760505e-01
3.165344556608735149e-01
3.171863102613618479e-01
3.179224465230718333e-01
3.188028544955867072e-01
3.192426974685839136e-01
3.195184952348262830e-01
3.202885362594912189e-01
3.215401298606758718e-01
3.221139263695658173e-01
3.229346055037707330e-01
3.245456477694146913e-01
3.253471291037279833e-01
3.260974137395386552e-01
3.265936460049394530e-01
3.269347719729472912e-01
3.282849783322460135e-01
3.286973779400813589e-01
3.292704950119774709e-01
3.302625195586390561e-01
3.311861056636392631e-01
3.312348489553760822e-01
3.319121186216054120e-01
3.326047228169824455e-01
3.334410498224913422e-01
3.340159603359468266e-01
3.344099271464603951e-01
3.355881958491258032e-01
3.361138268083138647e-01
3.366430593048627684e-01
3.376921055922079140e-01
3.381378917272381823e-01
3.386959461186320186e-01
3.400887962484328564e-01
3.403684644732961062e-01
3.410729988407924518e-01
3.413072743351036609e-01
3.424765273127977072e-01
3.430537190626835597e-01
3.441397200665893275e-01
3.461578297658126080e-01
3.463764000064853965e-01
3.474259657570075710e-01
3.479126625722375743e-01
3.489657795092818149e-01
3.499004863896164608e-01
3.508417368399930902e-01
3.510294093838444707e-01
3.522529426257177687e-01
3.534373015789123440e-01
3.538606264789502243e-01
3.549797719997695999e-01
3.553624733998109742e-01
3.561910992981357493e-01
3.566170974638115942e-01
3.580630734940747906e-01
3.584048725361499987e-01
3.596065448485702420e-01
3.607071388400738821e-01
3.617525499896415697e-01
3.619848286243154689e-01
3.634378378873837634e-01
3.638254216665658958e-01
3.648023745685413655e-01
3.658719324797879979e-01
3.674675872149504863e-01
3.680144804292195260e-01
3.687247997500781582e-01
3.703938000621068150e-01
3.717657077616507433e-01
3.722073030417399342e-01
3.736366947395467486e-01
3.754346266886334216e-01
3.765789362516666072e-01
3.775134504444790373e-01
3.781411942313279151e-01
3.802478992393134027e-01
3.815359525775723348e-01
3.827901243570223100e-01
3.837465323633701408e-01
3.846964335322981543e-01
3.862141039411348675e-01
3.880328453123113031e-01
3.886677522048611055e-01
3.911099848674459145e-01
3.917342434274532215e-01
3.941896641489917030e-01
3.961393076243336364e-01
3.981263732205467254e-01
4.008943776050399310e-01
1.033717567897279643e+00
