1.563299121393341429e-01
1.592985495838549759e-01
1.623622938184492992e-01
1.648700839028442722e-01
1.669594596492959271e-01
1.692846215751812045e-01
1.710537319106114340e-01
1.732491509936839313e-01
1.749580196955946854e-01
1.770925000652766867e-01
1.780635948403088697e-01
1.808282351752278638e-01
1.820232289974906548e-01
1.827754114898898496e-01
1.829898361865520962e-01
1.843424930438602727e-01
1.864015525892591396e-01
1.873618556165908278e-01
1.875103935250328202e-01
1.894450319960604978e-01
1.913202036826404662e-01
1.918310502654606009e-01
1.930681261177086272e-01
1.942096797824378884e-01
1.946658567230305226e-01
1.955181431466621600e-01
1.960947775052997166e-01
1.966735619822843617e-01
1.986594529570766265e-01
1.990641810058335071e-01
2.009996093505047321e-01
2.026465913690563281e-01
2.033547789419531404e-01
2.037927049458030659e-01
2.051851583794635780e-01
2.073636342204966398e-01
2.078834148796463999e-01
2.083231066614859850e-01
2.106915542203398883e-01
2.115303093769733689e-01
2.126001145868043063e-01
2.132235098456866651e-01
2.143217445319779701e-01
2.153990964632150618e-01
2.161292708272253005e-01
2.168184936428846354e-01
2.180368150596724286e-01
2.187149365889007324e-01
2.195899866422843794e-01
2.206568082791754704e-01
2.225781395225740200e-01
2.236947789007628362e-01
2.245140881576971892e-01
2.256611178029620801e-01
2.265215382973647940e-01
2.273728536946729162e-01
2.284036962342630150e-01
2.286405023798725178e-01
2.293218265284969470e-01
2.308432017071596898e-01
2.310125550729427713e-01
2.312532380498557583e-01
2.322342779403626933e-01
2.329199165617922285e-01
2.336394839179368188e-01
2.347336319267945837e-01
2.352152286503800260e-01
2.363857672684842870e-01
2.368834928833567777e-01
2.377855428342673938e-01
2.383504154816414033e-01
2.402464151411236870e-01
2.409134674889215066e-01
2.418806345069770547e-01
2.425765097588195585e-01
2.430281442066309638e-01
2.437787482793572214e-01
2.444917487309194726e-01
2.453932416465089139e-01
2.469761541612764122e-01
2.478828164337053830e-01
2.483158610585807224e-01
2.498466662076841704e-01
2.505102299539004873e-01
2.511065551575689114e-01
2.523315504550860400e-01
2.530181002738914331e-01
2.538883825596970900e-01
2.542478126318110099e-01
2.552526744051826779e-01
2.557943885726145505e-01
2.570900056454781257e-01
2.576749575108229218e-01
2.592255676057952374e-01
2.600308815483526326e-01
2.615636114388134592e-01
2.619391132154955670e-01
2.625768322896540607e-01
2.628137788949947984e-01
2.635272017593706106e-01
2.651451576284292178e-01
2.655439192884609945e-01
2.665844628423726381e-01
2.678795637411512942e-01
2.687852558072866271e-01
2.697183923918626269e-01
2.706654150066343800e-01
2.716173884426943408e-01
2.721402639545745239e-01
2.728100091453633524e-01
2.740845754821583102e-01
2.748823366764212017e-01
2.756539073674635354e-01
2.765512147349722949e-01
2.771046665728333913e-01
2.785008754041271017e-01
2.795259024755064048e-01
2.800762754973830648e-01
2.811743088144372793e-01
2.821210882848615986e-01
2.824567924676643638e-01
2.830703561413532299e-01
2.840678388802703180e-01
2.848982512306925119e-01
2.856797271705988073e-01
2.859086363769125505e-01
2.872156083940732851e-01
2.886926324304344149e-01
2.893995569350708008e-01
2.903922515312482022e-01
2.905785672880841219e-01
2.912872325696533871e-01
2.916749481037619884e-01
2.920320389954630391e-01
2.938816554797073488e-01
2.940310856618427171e-01
2.945601040102460710e-01
2.959318147072313443e-01
2.967423260018544617e-01
2.977190155935133808e-01
2.983830039814160950e-01
2.997845295576672120e-01
3.009184906482919031e-01
3.021405862317701474e-01
3.030807771346644697e-01
3.033403343841312161e-01
3.038736873274623385e-01
3.040628761768583987e-01
3.051947464133986654e-01
3.053398926592217344e-01
3.084851119159330857e-01
3.086839714801392631e-01
3.092857439613945214e-01
3.102196519541897679e-01
3.110360213402777463e-01
3.115596109840458872e-01
3.125399579793163851e-01
3.126939280752540906e-01
3.136603066473793167e-01
3.144419872292847917e-01
3.158967359062936908e-01
3.164718622303797635e-01
3.171372862298361128e-01
3.175493978869207701e-01
3.180576690695601227e-01
3.186566139469343972e-01
3.194068651634652256e-01
3.199366845970475492e-01
3.216329765480944181e-01
3.231635725594623754e-01
3.241569489263064763e-01
3.251620980384684612e-01
3.254791555470754605e-01
3.259026787504864520e-01
3.272387505878932568e-01
3.277817508975448546e-01
3.293053152696600594e-01
3.296520709400398430e-01
3.310112179581073399e-01
3.324706944375143691e-01
3.332246392324637041e-01
3.341471345095254342e-01
3.345004201359997875e-01
3.355056074232665719e-01
3.366178102903036873e-01
3.377102751710199802e-01
3.382919635798927738e-01
3.396135688430729771e-01
3.405372397364103687e-01
3.428555184095363195e-01
3.433623696185992835e-01
3.437401168625908165e-01
3.443627117917762437e-01
3.453579928921028941e-01
3.463401757986443452e-01
3.477077023665476330e-01
3.482287795385298756e-01
3.493303424060085760e-01
3.496458171838546236e-01
3.502350751024961850e-01
3.515839711163601389e-01
3.517225627007770083e-01
3.526470764597732788e-01
3.533775026166245947e-01
3.551327717358305769e-01
3.559879075989853536e-01
3.569262901895920992e-01
3.577307302289882696e-01
3.590438531967288793e-01
3.602261211697018739e-01
3.613523850970189466e-01
3.621285305812468880e-01
3.625374275455952588e-01
3.638562382611295054e-01
3.657121635830212769e-01
3.664307060351806866e-01
3.675479709829895802e-01
3.686185697234233838e-01
3.694514438481821261e-01
3.702660654106684768e-01
3.713339963671735133e-01
3.739824575242905458e-01
3.744805241656162798e-01
3.750089446275985394e-01
3.767621350268700597e-01
3.773819108261481370e-01
3.781638185629709881e-01
3.788672517218002467e-01
3.798740264912626730e-01
3.813550017562192251e-01
3.834532932172435848e-01
3.840182532522220527e-01
3.848268663110979149e-01
3.852243126931056971e-01
3.860829782769386598e-01
3.885350936685920686e-01
3.893742220103533214e-01
3.901766069453640462e-01
3.909439111945768874e-01
3.931185314613414028e-01
3.937834225647551811e-01
3.948137971924928213e-01
3.962192040413432537e-01
3.971556685249026941e-01
4.005194883672809625e-01
4.015799681781864194e-01
4.020850159565215742e-01
4.031140544735661857e-01
4.069151669532527493e-01
4.095380326738093935e-01
4.109308856607991611e-01
4.139121861749311404e-01
4.143205925969224990e-01
4.160327178966195527e-01
4.201810382522696008e-01
1.005070577006600852e+00
