4.734569697068911065e-01
4.768126783255052237e-01
4.843583465387130693e-01
4.854706665988999248e-01
4.867325719800865702e-01
4.885063974586906776e-01
4.899223387363308979e-01
4.955589191485596512e-01
4.981508919423882631e-01
4.989834879526776623e-01
5.004544617194142120e-01
5.018985000935290985e-01
5.041462233913618363e-01
5.048293434130047830e-01
5.062535155587327695e-01
5.071734124223539197e-01
5.089990025768554860e-01
5.100357703403919363e-01
5.112145654147763896e-01
5.134777537297559036e-01
5.157030613024666810e-01
5.159447321083859839e-01
5.176603679196685182e-01
5.181176553184233535e-01
5.189407701694028763e-01
5.197376399391934187e-01
5.220233159082293684e-01
5.228562572910810946e-01
5.251255580679687895e-01
5.254081339842916476e-01
5.259771779560256100e-01
5.275646086893548414e-01
5.284266233834220561e-01
5.295784100849152409e-01
5.298553748638505922e-01
5.304157255803320092e-01
5.308322228072054338e-01
5.332852697030853184e-01
5.338228669691781336e-01
5.351638415280605132e-01
5.355682251990387943e-01
5.366100698089913967e-01
5.377650187829526862e-01
5.381615595431072929e-01
5.390683771735248486e-01
5.407043807221663112e-01
5.415896226949262759e-01
5.418788326919692366e-01
5.427875516794705701e-01
5.434552199133249051e-01
5.439099402817015871e-01
5.443504517131666498e-01
5.455936189372271317e-01
5.463312738751712194e-01
5.469645781254794947e-01
5.477039621159341953e-01
5.483009944987909945e-01
5.493608202110121796e-01
5.496579491284468988e-01
5.500347925066261245e-01
5.509386393366778600e-01
5.512691006744997457e-01
5.524511705992459776e-01
5.535652724008776060e-01
5.543995188846243538e-01
5.546230036369983463e-01
5.548996534667286484e-01
5.562686165787331660e-01
5.567800608588544531e-01
5.570244988295312005e-01
5.580084630127990497e-01
5.588007805876450407e-01
5.591329899613994847e-01
5.597507567794924865e-01
5.602835026074253211e-01
5.613620925047678734e-01
5.618686961954195702e-01
5.627653913769647964e-01
5.631510569283411094e-01
5.636737921000039009e-01
5.647609825959765129e-01
5.658857983906198097e-01
5.661927649099620652e-01
5.669615335732407502e-01
5.671401794167919563e-01
5.673955102060552758e-01
5.684199323760186218e-01
5.688377128015815742e-01
5.699453832317944446e-01
5.703162231250059611e-01
5.708454491318566415e-01
5.715584092808061456e-01
5.722925138399618250e-01
5.726573855190021378e-01
5.731837806258552881e-01
5.743747128029059734e-01
5.746735012532800946e-01
5.755138991698449669e-01
5.757388623160427654e-01
5.762272532745377207e-01
5.774228668337143544e-01
5.775520347330844739e-01
5.781122796900303173e-01
5.783676853293475695e-01
5.792221089171140092e-01
5.797186139433193608e-01
5.801607328253310936e-01
5.808160738933839662e-01
5.812854890648234685e-01
5.815414480388768625e-01
5.816984613629371248e-01
5.825669166467051241e-01
5.832000145409126368e-01
5.842004710550864344e-01
5.848641710354566259e-01
5.852862015854740640e-01
5.857109413379891771e-01
5.865672589651830249e-01
5.867690020497416947e-01
5.869188545985357663e-01
5.873920455951111563e-01
5.878410516622797344e-01
5.887872154955845483e-01
5.889352064071720072e-01
5.897019260122881024e-01
5.899872845139538802e-01
5.906924972604320478e-01
5.910288880607145190e-01
5.922257618328788942e-01
5.926444511720335706e-01
5.936581243837096844e-01
5.938459471822928881e-01
5.944366059276970926e-01
5.952866412459768553e-01
5.961986789288923339e-01
5.966502398803800178e-01
5.967980450233610901e-01
5.974521475973230134e-01
5.977145188611066029e-01
5.981550242512363447e-01
5.991281845493133806e-01
6.001350766109051493e-01
6.005923029739723695e-01
6.009132341497834817e-01
6.012781626181683547e-01
6.014220145919125793e-01
6.021071260656484236e-01
6.025959047195131868e-01
6.028073873597278309e-01
6.032467351303003600e-01
6.044465711228540483e-01
6.047294964738390011e-01
6.052444730331129064e-01
6.055397874510023426e-01
6.059619759406266182e-01
6.064822695861924462e-01
6.069844968650108807e-01
6.077453604724490921e-01
6.081520856714056622e-01
6.089793343653383539e-01
6.092996223800184463e-01
6.097765469696790896e-01
6.108194385575914653e-01
6.113153643235560430e-01
6.119925986314207478e-01
6.123594056791039630e-01
6.129409285399552987e-01
6.131551164394292153e-01
6.139538555011825327e-01
6.141512697151249034e-01
6.146814154187433266e-01
6.151956021257687368e-01
6.159596730883289961e-01
6.161618093720426792e-01
6.164500561995448491e-01
6.169786219973687480e-01
6.172736400043374871e-01
6.179731654816781328e-01
6.184982943862117333e-01
6.192862799221939829e-01
6.195507572267955343e-01
6.198499533676965489e-01
6.205105463096360907e-01
6.211437816900182707e-01
6.222710788927509062e-01
6.230927165328191686e-01
6.233145955052066256e-01
6.239298606235034184e-01
6.244325297358476190e-01
6.247098505135726398e-01
6.252054951136806205e-01
6.259770855790254274e-01
6.263302432551869359e-01
6.273822844595302595e-01
6.277657427015659319e-01
6.281132911532785190e-01
6.282823603659637435e-01
6.291590144087216840e-01
6.303808678091927797e-01
6.304558266332344063e-01
6.309262289601130780e-01
6.319023676247959020e-01
6.322000818979209846e-01
6.326771918594967792e-01
6.335749823994297758e-01
6.338600201931359202e-01
6.343045317460659360e-01
6.349955897761883072e-01
6.359269567890994956e-01
6.361056817114800754e-01
6.367604190493699745e-01
6.374280383771028236e-01
6.377557358058130177e-01
6.382952167708547675e-01
6.392186958805904373e-01
6.404692117852006650e-01
6.411313693150280102e-01
6.420615300987210228e-01
6.424479716453154188e-01
6.430084703443440519e-01
6.442140568112613153e-01
6.444339696241150328e-01
6.451717032538182295e-01
6.456337165867490624e-01
6.465415198609979486e-01
6.470237151255322505e-01
6.476343810521397737e-01
6.482733169769260284e-01
6.490859082331775776e-01
6.496997532546023857e-01
6.503765618449096619e-01
6.513921076678981237e-01
6.516741641404711904e-01
6.519368066123415462e-01
6.535566823308682771e-01
6.544905689930748949e-01
6.551238766800707714e-01
6.554262885017105855e-01
6.556565976501244064e-01
6.569799240712135280e-01
6.574223908787648618e-01
6.577687966573397826e-01
6.593569204037155185e-01
6.602567467988798011e-01
6.618639751604716848e-01
6.624251333000742425e-01
6.627170741574250901e-01
6.639722037306182711e-01
6.651579561456149037e-01
6.675634290290973771e-01
6.684981075989135935e-01
6.703134445568244004e-01
6.724828355515400924e-01
6.733454034990609127e-01
6.779139057851444328e-01
1.012308954843736508e+00
