7.742436862524331165e-01
7.756886915939490423e-01
7.787923185365729362e-01
7.796134946210611094e-01
7.839834608329051546e-01
7.852996405512578937e-01
7.864948148948968099e-01
7.883535935579757403e-01
7.901079323342777849e-01
7.906983011459486343e-01
7.917091025567337681e-01
7.926575349912140522e-01
7.931029413953679663e-01
7.935191467672172427e-01
7.940980832913255849e-01
7.945583315959112714e-01
7.961402023496345626e-01
7.970029995385013999e-01
7.974412174047798008e-01
7.982180364748771018e-01
7.987394805631327088e-01
7.989750619733585468e-01
7.996416386373880192e-01
8.002013547390340875e-01
8.006549437446007778e-01
8.014302684450363978e-01
8.020527712583526148e-01
8.023411769843421526e-01
8.034494871451856035e-01
8.034769237709736833e-01
8.042233323980311210e-01
8.047060709837231540e-01
8.049253218880245697e-01
8.056535608749465505e-01
8.062718006280519267e-01
8.064581686896440393e-01
8.066813309403726429e-01
8.071739841899702173e-01
8.077918178064128485e-01
8.080077348184387942e-01
8.082651106802077878e-01
8.086774416073806426e-01
8.089595248509686698e-01
8.094984217899282575e-01
8.098378999771874698e-01
8.100309542991450673e-01
8.103198064723599048e-01
8.111939179008773593e-01
8.112593521358222315e-01
8.116731908447892829e-01
8.121858908645717134e-01
8.124378405220444854e-01
8.126370944521064121e-01
8.129787230687960387e-01
8.134289977573089248e-01
8.136042945591928088e-01
8.138932266501136548e-01
8.143411573765486633e-01
8.144975700031640287e-01
8.152328731853369925e-01
8.154315627462831451e-01
8.157549231392836608e-01
8.160074618040665806e-01
8.163011513448191758e-01
8.166215590635668153e-01
8.166430417951854315e-01
8.171198606367554573e-01
8.173076435344990287e-01
8.178100982456033563e-01
8.178806860012961533e-01
8.180173934726222562e-01
8.183388786949270521e-01
8.185472729991490892e-01
8.189210790693348674e-01
8.193373468966744788e-01
8.197300434752377019e-01
8.199427496062690057e-01
8.203136434658727660e-01
8.204645128000190857e-01
8.207320102677521101e-01
8.208627430967125882e-01
8.212719534694109536e-01
8.214598029444091232e-01
8.220053863223554247e-01
8.223827586524939948e-01
8.226000399808092167e-01
8.228971545251704267e-01
8.231709818839834103e-01
8.234284041933233045e-01
8.235921970193261776e-01
8.239640501910880932e-01
8.239978863092882744e-01
8.243895066001050154e-01
8.247319955345829845e-01
8.251874685144263699e-01
8.253898962219961000e-01
8.256856320803102056e-01
8.257636543020813180e-01
8.260290499657850782e-01
8.263681714668138500e-01
8.266068640338877227e-01
8.268198317652903917e-01
8.268909123628184199e-01
8.270714776557585024e-01
8.276272654499976511e-01
8.278053394895156236e-01
8.280785483799167901e-01
8.282625632720075348e-01
8.285154219475012738e-01
8.288395545093826255e-01
8.290787797896880251e-01
8.293664860678078288e-01
8.294522094768626008e-01
8.298381253650771727e-01
8.299999317640361918e-01
8.300232370583948693e-01
8.304965348989710172e-01
8.307325454498268869e-01
8.310668343457893181e-01
8.314202913002491924e-01
8.316318207581970823e-01
8.318154515416243955e-01
8.319948489618047560e-01
8.322150042243218193e-01
8.324102869829823614e-01
8.326049621586879557e-01
8.328349676795793188e-01
8.330727670712493316e-01
8.334066433727609358e-01
8.337891436939988132e-01
8.339443758683763308e-01
8.341249670854217202e-01
8.342416951548631276e-01
8.345611217063290121e-01
8.350873772679265894e-01
8.351669399197425570e-01
8.353004940745996088e-01
8.355489628598811169e-01
8.360035529697683598e-01
8.361580894100797412e-01
8.362809522425100894e-01
8.365332363222439671e-01
8.367304497159889776e-01
8.371008110753620501e-01
8.374981360306722467e-01
8.378152777451675082e-01
8.380132524572690977e-01
8.382955060205394826e-01
8.385022587076308431e-01
8.387486271505063540e-01
8.387763436019194385e-01
8.389913501256049955e-01
8.391651842183683874e-01
8.391901837196550362e-01
8.396166240457243468e-01
8.398102541290761724e-01
8.400791464100376693e-01
8.405048392881211416e-01
8.406728193434768182e-01
8.410142783573701930e-01
8.410530939061779954e-01
8.414364935947572510e-01
8.416300898233738392e-01
8.419035708357355263e-01
8.420538455991549709e-01
8.423864086327358391e-01
8.425206076490191487e-01
8.427579320775836491e-01
8.429523216654728479e-01
8.432192799433100294e-01
8.434330665165898910e-01
8.438399739175839187e-01
8.438560670312531542e-01
8.440892936423829429e-01
8.444293088074591447e-01
8.448794818845043464e-01
8.451342914428143782e-01
8.455259518605987568e-01
8.456315352654980577e-01
8.458024352791814193e-01
8.460989817160152748e-01
8.464987086478660272e-01
8.466788022240500089e-01
8.469451147664089907e-01
8.471646920742290643e-01
8.474371588838988112e-01
8.476275676896412037e-01
8.477767295906855072e-01
8.483199274792059263e-01
8.483423695605751824e-01
8.485984274876879896e-01
8.488616718174832876e-01
8.489843848116594982e-01
8.492445269592844292e-01
8.496769568982072141e-01
8.497887853957852844e-01
8.504388428172009462e-01
8.506431041488378142e-01
8.510103335435070804e-01
8.513296944579378245e-01
8.516598937757245968e-01
8.518238887520024338e-01
8.520967033756454700e-01
8.522230769367397096e-01
8.525748270360318237e-01
8.527930150701164003e-01
8.530165552295635445e-01
8.535893733806185768e-01
8.536938129862604585e-01
8.542207525993525952e-01
8.542967209841823006e-01
8.548791434148493851e-01
8.550831774515232908e-01
8.551382297331165949e-01
8.555895929320669335e-01
8.558259092236611965e-01
8.562599356485174340e-01
8.564454552682233546e-01
8.566637831480236054e-01
8.568892741847788930e-01
8.570063383297581439e-01
8.574388516590775167e-01
8.577065288172212032e-01
8.579131255155637570e-01
8.588343501143187453e-01
8.591749965894175389e-01
8.592572827823617976e-01
8.596522614521965311e-01
8.597153749750436891e-01
8.605988939758726364e-01
8.609445600175781310e-01
8.610563564079091181e-01
8.613317030521445705e-01
8.619795334462216907e-01
8.624929105165303200e-01
8.631589867130450289e-01
8.633085336576429292e-01
8.634859696315501099e-01
8.643150680514558593e-01
8.645637567267012713e-01
8.654135086389247444e-01
8.657787509808966275e-01
8.662504878776974282e-01
8.668773599432550991e-01
8.672918130373070689e-01
8.675272824678935679e-01
8.679843408168926855e-01
8.685765355026504597e-01
8.695618243910542278e-01
8.704440896140689388e-01
8.711929748085767145e-01
8.726657641625552575e-01
8.754180430071315522e-01
8.768162794267709836e-01
8.844670231677570493e-01
1.004223975051525608e+00
