3.581078656446107233e-01
3.622556377996845045e-01
3.634011205869117078e-01
3.678526939053974321e-01
3.712904923972594751e-01
3.715125425925600577e-01
3.745836451492113861e-01
3.759288155452349400e-01
3.765747101014285669e-01
3.790693963627935203e-01
3.814805673903467476e-01
3.845032855093373225e-01
3.845654043307209502e-01
3.873729914547213715e-01
3.889463799571313829e-01
3.895138849735053643e-01
3.922140596646427890e-01
3.926121598488886422e-01
3.939836683292582409e-01
3.948019233652688698e-01
3.975089559558406815e-01
3.977551491457703703e-01
3.995270560528630943e-01
4.009620432232517961e-01
4.026091882863957472e-01
4.038252499475113444e-01
4.048381807285127421e-01
4.065011660140927519e-01
4.074637772156030069e-01
4.085215586256057407e-01
4.091270427761560802e-01
4.123119251142954300e-01
4.129515806148576496e-01
4.147717935893622254e-01
4.153589405414598312e-01
4.166319312927159180e-01
4.172317772919176271e-01
4.178062736526486631e-01
4.193933690980227169e-01
4.206443935182536120e-01
4.213410676897906826e-01
4.218853689517648720e-01
4.241505860719672061e-01
4.256146240382350787e-01
4.261906953228373207e-01
4.264280241139893901e-01
4.280886120873709233e-01
4.290655366313141372e-01
4.299762247529817505e-01
4.316874396551081960e-01
4.325232955730324291e-01
4.331588092131965495e-01
4.341904449757868489e-01
4.360765673915367735e-01
4.372479661369632620e-01
4.384451821215585299e-01
4.394197384579932031e-01
4.405962867287147033e-01
4.409142052898588626e-01
4.415861714146706585e-01
4.433000787097635675e-01
4.443803457442211391e-01
4.462274533572701540e-01
4.466243479961073404e-01
4.477841891438334998e-01
4.493246375000131687e-01
4.503167816827335912e-01
4.511666791055522485e-01
4.527363526812470118e-01
4.528688872872123072e-01
4.537466138979472929e-01
4.550577768406908197e-01
4.564440719277611525e-01
4.576800015305040326e-01
4.589702906001942861e-01
4.602398142119882851e-01
4.606667599541645619e-01
4.611891057856958853e-01
4.622900917864679604e-01
4.637065073721892694e-01
4.641854728548371334e-01
4.655799078092728305e-01
4.666893797349561113e-01
4.671964262745736951e-01
4.684531547747571856e-01
4.687581466043556078e-01
4.707681657195756930e-01
4.716612147927597420e-01
4.721507520582315376e-01
4.729188008383285458e-01
4.742898814777350980e-01
4.746852851101062143e-01
4.756790200348656739e-01
4.763845536218540011e-01
4.770361466307818654e-01
4.785397281190495455e-01
4.788957662172781404e-01
4.790957259057929130e-01
4.807119025510176447e-01
4.812321290112510641e-01
4.823802469961546713e-01
4.837123130921546776e-01
4.844832090732495988e-01
4.849134868903347551e-01
4.862980950871997332e-01
4.866585806754507026e-01
4.878978773002617952e-01
4.892361399648072484e-01
4.896870961440540904e-01
4.907148841706385212e-01
4.918229508343987533e-01
4.929970497938959695e-01
4.944039219546244035e-01
4.953647082975306537e-01
4.961549834810061177e-01
4.972350980281297073e-01
4.980930302445054636e-01
4.990895818188956778e-01
5.002335049613294560e-01
5.011485983415369105e-01
5.015254799398544128e-01
5.022708483728093309e-01
5.036584779631979591e-01
5.046284266917092642e-01
5.053216393247917937e-01
5.061145498311742097e-01
5.068684807115523272e-01
5.078461362670294577e-01
5.083447106080538624e-01
5.099121806083771746e-01
5.110711652068711253e-01
5.122146931706688111e-01
5.126726155715467526e-01
5.136260225217198494e-01
5.143345479669541032e-01
5.149480955877534516e-01
5.154203619089724464e-01
5.163282808091982368e-01
5.171213024116086965e-01
5.178647977848371831e-01
5.200819571736304825e-01
5.202170207197628349e-01
5.209738955143564665e-01
5.228154923287215983e-01
5.234716483663860442e-01
5.249018095703729125e-01
5.256232554744701968e-01
5.270880928360356377e-01
5.279309083653532797e-01
5.287375189984440116e-01
5.299143276704245675e-01
5.306563760813328701e-01
5.316617623787891489e-01
5.329172608724029869e-01
5.333309113465889428e-01
5.351844336546294212e-01
5.361626707708981865e-01
5.363761767422274840e-01
5.376923359995980922e-01
5.381288364531345847e-01
5.398581603449670308e-01
5.400766254331555993e-01
5.415267215714406612e-01
5.421633088638079245e-01
5.444693564955908061e-01
5.454742562838823527e-01
5.466581524933337155e-01
5.478590168853474385e-01
5.487841315497015149e-01
5.496496280415352764e-01
5.501474732962206016e-01
5.508320177708513343e-01
5.528269176869591295e-01
5.529241985153072747e-01
5.533261525497226163e-01
5.544571982663949461e-01
5.564774213601669794e-01
5.570809061094051939e-01
5.575083589908818027e-01
5.594642451710140074e-01
5.604373636572888007e-01
5.610320178513683587e-01
5.616042402198481165e-01
5.622694475494230959e-01
5.626544023822486196e-01
5.638239380697105396e-01
5.648633493500306857e-01
5.653394886196430047e-01
5.666965025578242221e-01
5.687701589058025142e-01
5.696707932786778672e-01
5.710574374219311578e-01
5.735570242474640201e-01
5.739281790242354298e-01
5.745233181999278571e-01
5.760141986926139435e-01
5.763626189222301743e-01
5.772928440319525789e-01
5.782299191535004157e-01
5.792499032144340365e-01
5.804173822124025772e-01
5.808466053213295899e-01
5.815681188988526262e-01
5.823542761590421168e-01
5.831829122037979207e-01
5.854988499244681011e-01
5.864798575549395876e-01
5.879060575334612571e-01
5.884041707049195713e-01
5.897440815808048242e-01
5.900117658103227747e-01
5.919564727714253793e-01
5.925123547999773255e-01
5.943114769261880204e-01
5.953688394296052788e-01
5.967036576687446692e-01
5.993773512274984672e-01
6.000081621731842008e-01
6.009210641977217326e-01
6.017499822428282741e-01
6.029674391472132911e-01
6.035725130728946120e-01
6.068098735966432900e-01
6.080879465110310411e-01
6.091897912129320414e-01
6.109391575107173677e-01
6.111843599483829381e-01
6.127092200582551218e-01
6.131137844083123234e-01
6.143784019518542250e-01
6.158933019908263695e-01
6.176299261174642563e-01
6.182849395995062558e-01
6.193491716303305417e-01
6.195611478342435419e-01
6.211409719566123311e-01
6.216300090371763565e-01
6.251773574665179245e-01
6.255193863078245542e-01
6.270110496344030171e-01
6.304769974144103228e-01
6.321191652395475868e-01
6.338822371868204630e-01
6.353403925162863786e-01
6.365784754848617943e-01
6.386279747144814056e-01
6.388483480111933899e-01
6.416102600639549403e-01
6.429469902245875668e-01
6.444391831071434318e-01
6.482351446765156622e-01
6.489543099028666218e-01
6.522530578050655947e-01
6.531671511447022516e-01
6.546863479587194945e-01
1.006884051092077126e+00
