4.526511575991289393e-01
4.555608472341942661e-01
4.561562692911129702e-01
4.607167270112580981e-01
4.646430963800920466e-01
4.664782570747738055e-01
4.694358773436537735e-01
4.705813893663005620e-01
4.729976755623865325e-01
4.747827184430262748e-01
4.755089961549555100e-01
4.762602446766792674e-01
4.778144572617242236e-01
4.800515163209782554e-01
4.811142485710282468e-01
4.817619256088249702e-01
4.822156928175074797e-01
4.834416985135301381e-01
4.844057272980198392e-01
4.865302436669022845e-01
4.885004662120056018e-01
4.897020732127368436e-01
4.902078214447252447e-01
4.924147533332258742e-01
4.929872007714989346e-01
4.944463439553354878e-01
4.956835089551835938e-01
4.965984196106356663e-01
4.978852797920705342e-01
4.982216396505255163e-01
4.991043281114545538e-01
5.006818834844500854e-01
5.025316126524698168e-01
5.044947801745852667e-01
5.052128701665034027e-01
5.066999686462949626e-01
5.082132136462703675e-01
5.095237650474939706e-01
5.104137602845131294e-01
5.111926486661192426e-01
5.125059320988064604e-01
5.127746083384445708e-01
5.142671308143021980e-01
5.148021773147910540e-01
5.155623318743336458e-01
5.165765921567739838e-01
5.179316241719074121e-01
5.187285888763460973e-01
5.203994681167666281e-01
5.221420916027037507e-01
5.228826855549489894e-01
5.232879966165315810e-01
5.255689612650150666e-01
5.258078421944483161e-01
5.269091706053425916e-01
5.277042384215401283e-01
5.284631922207613242e-01
5.302008246665139701e-01
5.313178708402148676e-01
5.321571866551493279e-01
5.339216829275212906e-01
5.348078648267812207e-01
5.358877120076515066e-01
5.360342945186242769e-01
5.373553352984946629e-01
5.376085252940254744e-01
5.395846531246166755e-01
5.398437272356328975e-01
5.412537669136726626e-01
5.416558134282493109e-01
5.423367413612319998e-01
5.441629672396305351e-01
5.446555884789304747e-01
5.452577460574326018e-01
5.461107144653656320e-01
5.478440356436160563e-01
5.491315119315598459e-01
5.499089777898500397e-01
5.503261239836205743e-01
5.515446640844582360e-01
5.526666364849792679e-01
5.534157409222021373e-01
5.545564641346897305e-01
5.555039948396947036e-01
5.560035399329750216e-01
5.570474234709094086e-01
5.581700781639092890e-01
5.593220345879400535e-01
5.595702716343635696e-01
5.608609576381009543e-01
5.614409310479351323e-01
5.633414392942596161e-01
5.635743910725377059e-01
5.646779580129575038e-01
5.664175632358758872e-01
5.669657300906409958e-01
5.672490888903424233e-01
5.685286798103805772e-01
5.702191807672871704e-01
5.703132438133565740e-01
5.711152146608409197e-01
5.718961023159816470e-01
5.721657837317324358e-01
5.742237728870608349e-01
5.748356041001132510e-01
5.763383522455753916e-01
5.777959966905141798e-01
5.785076396515522745e-01
5.790342726989151645e-01
5.799943593215259874e-01
5.801747332120170686e-01
5.811083050551634210e-01
5.817023000635070940e-01
5.834131836193326981e-01
5.841595472787886045e-01
5.852704693712172945e-01
5.867243375171402597e-01
5.870308450365339104e-01
5.881991389660622405e-01
5.887723077000085459e-01
5.894186241462996412e-01
5.906751639821349320e-01
5.909953931907916402e-01
5.916688495363908729e-01
5.920853937729040339e-01
5.936177159881061982e-01
5.947121203528081823e-01
5.956772415465766413e-01
5.966236350009489486e-01
5.971524100113126954e-01
5.977365015767575063e-01
5.984240374946262486e-01
5.991710163145134160e-01
5.995018104143422510e-01
6.004923433657876064e-01
6.008809022645500431e-01
6.029595147419229972e-01
6.041824610131525386e-01
6.050074404210807888e-01
6.055876477142566605e-01
6.063531863115275700e-01
6.074548934508682274e-01
6.081082170721332503e-01
6.095601889791394390e-01
6.103902915025863907e-01
6.105637449728686938e-01
6.114314295024325663e-01
6.127899980815640912e-01
6.131615045441028977e-01
6.150751478980135412e-01
6.154640911046450613e-01
6.164428587244934477e-01
6.171483757210238785e-01
6.181009662027776574e-01
6.183690280805210771e-01
6.197592746731785951e-01
6.198988726158006779e-01
6.211703277819982105e-01
6.216577775819420726e-01
6.233798054492024621e-01
6.246107209608050548e-01
6.249240026095098655e-01
6.258906819822623868e-01
6.265622745044440167e-01
6.275072169589228643e-01
6.284856504491744822e-01
6.293198607799533884e-01
6.305089822898725105e-01
6.318744605797999014e-01
6.327163878514564521e-01
6.334411938027427746e-01
6.338393198432542563e-01
6.338702603518725498e-01
6.356137947552219503e-01
6.367173874374210119e-01
6.376748432263830146e-01
6.380904034509740086e-01
6.394538561183111813e-01
6.397779168735555633e-01
6.402246998435776604e-01
6.419825221278906424e-01
6.427410259524550806e-01
6.430298504067344378e-01
6.438417613475904133e-01
6.454864878439063869e-01
6.475242760064005010e-01
6.478076768502369909e-01
6.496515093282694275e-01
6.501302663609419552e-01
6.516844632427476469e-01
6.524326698801095059e-01
6.526733768367137811e-01
6.539162649648019299e-01
6.561144252017698797e-01
6.564692351596520536e-01
6.571197392449628083e-01
6.577922241900490130e-01
6.585064543159279138e-01
6.596090648754748820e-01
6.613653781723727310e-01
6.620916918663529716e-01
6.624961602699349639e-01
6.641187530054724064e-01
6.650155556375683119e-01
6.655773069501426109e-01
6.665833597091989082e-01
6.673155083896435968e-01
6.687538979684404250e-01
6.701076656579915136e-01
6.717023495822592727e-01
6.728116294216198723e-01
6.752587486521852700e-01
6.764839649714824432e-01
6.768427026031179627e-01
6.778507008917897814e-01
6.792727594652742118e-01
6.799927806355249293e-01
6.813897389970556828e-01
6.829877114762545887e-01
6.841017511178427712e-01
6.848616559769566958e-01
6.857473122191569681e-01
6.867465931587447558e-01
6.882518665037133943e-01
6.897022863505496426e-01
6.914161852933703445e-01
6.927972652424393418e-01
6.929945263851385873e-01
6.939305276030941494e-01
6.959021121564844536e-01
6.968227786772140941e-01
6.976752288767098520e-01
6.991914958889152709e-01
7.018906788497644156e-01
7.031586697180796097e-01
7.052585695074788941e-01
7.062034997324129204e-01
7.062969078014469382e-01
7.071837036801118526e-01
7.102218756353665396e-01
7.112621909864813574e-01
7.127078818462700971e-01
7.136633762553274973e-01
7.161851964040828467e-01
7.167277383607032482e-01
7.170717043040596428e-01
7.183153529667765103e-01
7.219076936767395702e-01
7.230966926105004688e-01
7.255066350600297698e-01
7.268020786604236783e-01
7.327862427609800333e-01
7.359165248062178311e-01
7.360282351836939796e-01
7.396093997668706788e-01
1.009568441172992381e+00
