4.413639822863291151e-02
4.652239614067676249e-02
4.775724827120489402e-02
4.859060387762025729e-02
5.053667997282083879e-02
5.088047162565877135e-02
5.260661284276053201e-02
5.381148418413052303e-02
5.587411361260082726e-02
5.640679332031881682e-02
5.767161566290694708e-02
5.835460166833808526e-02
5.899824650423541456e-02
6.036843266800558105e-02
6.154607527385308474e-02
6.334656049878224782e-02
6.436695077845001889e-02
6.541539256065798114e-02
6.653254666771053760e-02
6.779239706609094251e-02
6.910171763298672554e-02
6.924103770333325802e-02
7.040153894719206051e-02
7.097368654031765978e-02
7.177654213476875045e-02
7.302130713457251343e-02
7.376860935870174774e-02
7.495031635743944209e-02
7.537919503847795299e-02
7.549672776852432710e-02
7.638514303026888719e-02
7.795146522464800609e-02
7.809392507750541335e-02
7.917594929323425179e-02
7.959538237414791328e-02
8.016177790404858949e-02
8.172582602787628603e-02
8.206744680164630712e-02
8.354149005452100873e-02
8.409702892904932781e-02
8.423083020898781970e-02
8.503959558787246853e-02
8.570914711431117106e-02
8.713038297916371466e-02
8.774833981274085537e-02
8.832080873262716791e-02
8.912666228245914868e-02
8.970859587556621884e-02
9.075808151530105616e-02
9.178193564566289320e-02
9.233540492863392957e-02
9.295634130026929343e-02
9.332269828599994155e-02
9.445044185582679441e-02
9.476859640538375096e-02
9.585663416827121253e-02
9.627675842247543359e-02
9.634715860328267600e-02
9.761190394331444031e-02
9.817059853152178273e-02
9.947831402643519949e-02
9.995831319539227877e-02
1.013263988613985062e-01
1.019761592948950496e-01
1.020629988519199671e-01
1.023594721277638481e-01
1.034661663717005020e-01
1.040076954414364957e-01
1.050105456735486581e-01
1.062311957154562087e-01
1.064880671993499589e-01
1.072674345568722515e-01
1.077821901400075055e-01
1.086987277857831696e-01
1.095653908893287620e-01
1.097380583049216429e-01
1.106423009786250133e-01
1.116016532726637756e-01
1.119551828432749641e-01
1.121375144392711826e-01
1.134083553722777388e-01
1.139489039039353890e-01
1.148774247158013823e-01
1.152268159738586428e-01
1.155005884139246042e-01
1.158927014273160583e-01
1.169758738496887163e-01
1.176180056009506480e-01
1.180604708731262387e-01
1.189930194641467126e-01
1.192793836943598085e-01
1.196832109707498260e-01
1.206666844672415334e-01
1.209212850653660493e-01
1.219613873343364657e-01
1.222601326199252991e-01
1.227873868000757401e-01
1.235842388262348573e-01
1.239672116058605361e-01
1.245806267429000053e-01
1.248808683015972115e-01
1.253484824195662262e-01
1.269180241070188564e-01
1.273253960954154884e-01
1.285390485164774055e-01
1.286212606689557114e-01
1.297519052762114711e-01
1.308330788375780540e-01
1.312270865994296654e-01
1.317470596978540520e-01
1.319787519539678822e-01
1.327435526525929943e-01
1.338474351368053039e-01
1.341053976547105231e-01
1.349972522229495875e-01
1.353184730694188820e-01
1.361125623582835620e-01
1.371977546939758541e-01
1.375834442322301232e-01
1.383502328880430177e-01
1.384928674204479182e-01
1.395349967422370996e-01
1.408401767182214381e-01
1.413059209882613076e-01
1.425247077117711703e-01
1.426163269409139456e-01
1.431677466928990283e-01
1.435100620087950696e-01
1.438495714296113559e-01
1.447387024084522689e-01
1.451737364458372537e-01
1.456148568794571052e-01
1.467090049770121141e-01
1.469237647163683103e-01
1.479594972056951507e-01
1.483014925841478759e-01
1.491335857236318618e-01
1.496633607564742396e-01
1.502040297352526532e-01
1.507983719545915313e-01
1.511451319109348435e-01
1.520975210068792327e-01
1.531463353595578503e-01
1.536510639698815128e-01
1.549500272224727804e-01
1.554222853236470192e-01
1.556624581355850467e-01
1.562386073037187739e-01
1.572061095116681073e-01
1.575774119697061215e-01
1.579401497728485093e-01
1.585370545755245553e-01
1.594534008291545735e-01
1.598384459956096459e-01
1.607379121580973236e-01
1.613541673816785427e-01
1.617721859532941231e-01
1.623596866068520994e-01
1.628947789259278522e-01
1.640270861804028202e-01
1.647731114262127594e-01
1.651317783313640264e-01
1.653195612006134463e-01
1.661377514836238911e-01
1.670381585014682480e-01
1.673163332744047604e-01
1.677054492948708009e-01
1.687697784836273973e-01
1.699274777448118445e-01
1.707249845010292422e-01
1.712779630093560213e-01
1.720912740133412611e-01
1.727945792603433339e-01
1.731753640314200871e-01
1.742903047070711309e-01
1.745381849845251965e-01
1.754446246593233394e-01
1.760878467648310519e-01
1.764900592610290642e-01
1.773042090245208202e-01
1.783432417454050567e-01
1.791462984882196963e-01
1.794511284132541129e-01
1.799447981576076661e-01
1.803668414837796274e-01
1.812703682217268741e-01
1.821846270310323590e-01
1.829823709442862378e-01
1.845092701523883272e-01
1.846136026340988445e-01
1.850621627382474099e-01
1.858785593952418103e-01
1.871698748529055101e-01
1.874854136383265757e-01
1.880890216981011276e-01
1.888133855270304751e-01
1.897490445141036541e-01
1.902735766228829395e-01
1.904601591051861553e-01
1.913227923927651453e-01
1.920084130841692438e-01
1.926735429694186041e-01
1.933537064070573464e-01
1.944503964350934588e-01
1.947624923712767686e-01
1.962568618753154359e-01
1.969743974053473901e-01
1.974266799198474420e-01
1.980600166730978051e-01
1.987656112291433241e-01
1.998308148848026433e-01
2.001636960026189627e-01
2.013272348231568976e-01
2.023026425196454425e-01
2.036642415682515528e-01
2.043572398230170117e-01
2.046396858247098161e-01
2.056693732259305130e-01
2.069074842672195547e-01
2.072635646213625005e-01
2.075759640106744075e-01
2.079503370019223363e-01
2.086014298759280849e-01
2.091198695210415570e-01
2.102270126335626932e-01
2.108400411339680092e-01
2.120809068660255425e-01
2.130824296428950881e-01
2.135773379619100576e-01
2.141433977284655510e-01
2.147299026386507992e-01
2.164642389130162214e-01
2.176152624101223287e-01
2.181108417446350756e-01
2.189478941825482305e-01
2.197465317209292834e-01
2.209941659114832424e-01
2.212042798761850171e-01
2.236516411303132446e-01
2.241627289732781858e-01
2.251598967936027651e-01
2.258157117921039958e-01
2.266802947099164078e-01
2.283640949781385598e-01
2.296115480558725830e-01
2.307754230169329346e-01
2.326766106795948863e-01
2.332895897438000132e-01
2.346918424674218628e-01
2.349750917616094392e-01
2.364644985608060634e-01
2.382269617359600300e-01
2.394189696722420768e-01
2.397855392789017548e-01
2.467448527369797140e-01
1.002678636274704882e+00
