-2.932153143350473279e+00 1.614999672228901451e-01
-2.513274122871834493e+00 1.622572884283599859e-01
-2.094395102393195707e+00 1.629819671552262261e-01
-1.675516081914556477e+00 1.723948879389917144e-01
-1.256637061435917246e+00 1.500399946327112544e-01
-8.377580409572782383e-01 1.533513046635061050e-01
-4.188790204786392302e-01 1.492079597909080901e-01
-2.220446049250313081e-16 1.638574067132431700e-01
4.188790204786390081e-01 1.492079597909079514e-01
8.377580409572780162e-01 1.533513046635062993e-01
1.256637061435916802e+00 1.500399946327113099e-01
1.675516081914556032e+00 1.723948879389914368e-01
2.094395102393195263e+00 1.629819671552263927e-01
2.513274122871834049e+00 1.622572884283599859e-01
2.932153143350473279e+00 1.614999672228899508e-01
