-2.932153143350473279e+00 2.072421259912655689e-01
-2.513274122871834493e+00 1.690763853059595034e-01
-2.094395102393195707e+00 1.911042488051918897e-01
-1.675516081914556477e+00 1.855521820742598305e-01
-1.256637061435917246e+00 1.760208888567989516e-01
-8.377580409572782383e-01 1.394602780599888403e-01
-4.188790204786392302e-01 9.608423997571088893e-02
-2.220446049250313081e-16 5.824344824007914034e-02
4.188790204786390081e-01 9.608423997571081954e-02
8.377580409572780162e-01 1.394602780599890068e-01
1.256637061435916802e+00 1.760208888567990626e-01
1.675516081914556032e+00 1.855521820742595251e-01
2.094395102393195263e+00 1.911042488051921118e-01
2.513274122871834049e+00 1.690763853059595034e-01
2.932153143350473279e+00 2.072421259912653468e-01
