5.005005005005004962e-04 6.462064706936663239e-01
1.501501501501501488e-03 6.463472313007501135e-01
2.502502502502502481e-03 6.464886175459090278e-01
3.503503503503503473e-03 6.466306733878703916e-01
4.504504504504504465e-03 6.467734423639738273e-01
5.505505505505505458e-03 6.469169675582231438e-01
6.506506506506506450e-03 6.470612915690074907e-01
7.507507507507507442e-03 6.472064564765032113e-01
8.508508508508507567e-03 6.473525038098133511e-01
9.509509509509510294e-03 6.474994745138636931e-01
1.051051051051050955e-02 6.476474089161002867e-01
1.151151151151151228e-02 6.477963466930194425e-01
1.251251251251251154e-02 6.479463268365868167e-01
1.351351351351351426e-02 6.480973876205615714e-01
1.451451451451451352e-02 6.482495665667816764e-01
1.551551551551551625e-02 6.484029004114606476e-01
1.651651651651651551e-02 6.485574250715200328e-01
1.751751751751751823e-02 6.487131756110152692e-01
1.851851851851851749e-02 6.488701862077024263e-01
1.951951951951952022e-02 6.490284901197813650e-01
2.052052052052051948e-02 6.491881196528754838e-01
2.152152152152152220e-02 6.493491061272815834e-01
2.252252252252252146e-02 6.495114798455567939e-01
2.352352352352352419e-02 6.496752700604710995e-01
2.452452452452452344e-02 6.498405049433881864e-01
2.552552552552552617e-02 6.500072115531243533e-01
2.652652652652652543e-02 6.501754158053298926e-01
2.752752752752752816e-02 6.503451424424411265e-01
2.852852852852852741e-02 6.505164150042589410e-01
2.952952952952953014e-02 6.506892557992078885e-01
3.053053053053052940e-02 6.508636858763102717e-01
3.153153153153152866e-02 6.510397249979370526e-01
3.253253253253253485e-02 6.512173916133842111e-01
3.353353353353352717e-02 6.513967028333171871e-01
3.453453453453453337e-02 6.515776744051314795e-01
3.553553553553553956e-02 6.517603206892863543e-01
3.653653653653653188e-02 6.519446546366418627e-01
3.753753753753753808e-02 6.521306877668618940e-01
3.853853853853854428e-02 6.523184301479093561e-01
3.953953953953953659e-02 6.525078903766940996e-01
4.054054054054054279e-02 6.526990755608998995e-01
4.154154154154153511e-02 6.528919913020421184e-01
4.254254254254254131e-02 6.530866416797918017e-01
4.354354354354354750e-02 6.532830292375925163e-01
4.454454454454453982e-02 6.534811549696265542e-01
4.554554554554554602e-02 6.536810183091449344e-01
4.654654654654655221e-02 6.538826171182021696e-01
4.754754754754754453e-02 6.540859476788247751e-01
4.854854854854855073e-02 6.542910046856366124e-01
4.954954954954954305e-02 6.544977812399780381e-01
5.055055055055054924e-02 6.547062688455250745e-01
5.155155155155155544e-02 6.549164574054450183e-01
5.255255255255254776e-02 6.551283352211039190e-01
5.355355355355355396e-02 6.553418889923312562e-01
5.455455455455456015e-02 6.555571038192758992e-01
5.555555555555555247e-02 6.557739632058479096e-01
5.655655655655655867e-02 6.559924490647602857e-01
5.755755755755755099e-02 6.562125417241858605e-01
5.855855855855855718e-02 6.564342199360200247e-01
5.955955955955956338e-02 6.566574608857622675e-01
6.056056056056055570e-02 6.568822402040073172e-01
6.156156156156156189e-02 6.571085319795531010e-01
6.256256256256256809e-02 6.573363087741086463e-01
6.356356356356356041e-02 6.575655416385993712e-01
6.456456456456456661e-02 6.577962001310654339e-01
6.556556556556555893e-02 6.580282523361249414e-01
6.656656656656656512e-02 6.582616648860045716e-01
6.756756756756757132e-02 6.584964029831068544e-01
6.856856856856856364e-02 6.587324304241041206e-01
6.956956956956956983e-02 6.589697096255295872e-01
7.057057057057056215e-02 6.592082016508497011e-01
7.157157157157156835e-02 6.594478662389873236e-01
7.257257257257257455e-02 6.596886618342683306e-01
7.357357357357358074e-02 6.599305456177668727e-01
7.457457457457457306e-02 6.601734735400126564e-01
7.557557557557557926e-02 6.604174003550362659e-01
7.657657657657657158e-02 6.606622796557093391e-01
7.757757757757757777e-02 6.609080639103466215e-01
7.857857857857858397e-02 6.611547045005445877e-01
7.957957957957957629e-02 6.614021517601987865e-01
8.058058058058058248e-02 6.616503550156852542e-01
8.158158158158157480e-02 6.618992626271428259e-01
8.258258258258258100e-02 6.621488220308339168e-01
8.358358358358358720e-02 6.623989797825331483e-01
8.458458458458457951e-02 6.626496816019070701e-01
8.558558558558558571e-02 6.629008724178374612e-01
8.658658658658657803e-02 6.631524964146497947e-01
8.758758758758758423e-02 6.634044970792037921e-01
8.858858858858859042e-02 6.636568172487967709e-01
8.958958958958959662e-02 6.639093991598409294e-01
9.059059059059058894e-02 6.641621844972737110e-01
9.159159159159159513e-02 6.644151144446472923e-01
9.259259259259258745e-02 6.646681297348578932e-01
9.359359359359359365e-02 6.649211707014752726e-01
9.459459459459459985e-02 6.651741773306163452e-01
9.559559559559559216e-02 6.654270893133369391e-01
9.659659659659659836e-02 6.656798460984654220e-01
9.759759759759759068e-02 6.659323869458725342e-01
9.859859859859859688e-02 6.661846509801018223e-01
9.959959959959960307e-02 6.664365772443270330e-01
1.006006006006005954e-01 6.666881047545988315e-01
1.016016016016016016e-01 6.669391725543154514e-01
1.026026026026025939e-01 6.671897197688962944e-01
1.036036036036036001e-01 6.674396856605896433e-01
1.046046046046046063e-01 6.676890096833917321e-01
1.056056056056056125e-01 6.679376315380002316e-01
1.066066066066066048e-01 6.681854912267929381e-01
1.076076076076076110e-01 6.684325291087482857e-01
1.086086086086086033e-01 6.686786859542857009e-01
1.096096096096096095e-01 6.689239029999630715e-01
1.106106106106106157e-01 6.691681220029854771e-01
1.116116116116116080e-01 6.694112852954782200e-01
1.126126126126126142e-01 6.696533358384687551e-01
1.136136136136136066e-01 6.698942172755305569e-01
1.146146146146146128e-01 6.701338739860288607e-01
1.156156156156156189e-01 6.703722511379242022e-01
1.166166166166166113e-01 6.706092947400713600e-01
1.176176176176176175e-01 6.708449516939637425e-01
1.186186186186186098e-01 6.710791698448582698e-01
1.196196196196196160e-01 6.713118980322395624e-01
1.206206206206206222e-01 6.715430861395434992e-01
1.216216216216216284e-01 6.717726851430995128e-01
1.226226226226226207e-01 6.720006471602240072e-01
1.236236236236236269e-01 6.722269254963963991e-01
1.246246246246246331e-01 6.724514746914752594e-01
1.256256256256256254e-01 6.726742505648732884e-01
1.266266266266266038e-01 6.728952102596382767e-01
1.276276276276276378e-01 6.731143122853772143e-01
1.286286286286286162e-01 6.733315165599570440e-01
1.296296296296296502e-01 6.735467844499198886e-01
1.306306306306306286e-01 6.737600788095565729e-01
1.316316316316316071e-01 6.739713640185593935e-01
1.326326326326326410e-01 6.741806060182151672e-01
1.336336336336336195e-01 6.743877723460568463e-01
1.346346346346346534e-01 6.745928321689274032e-01
1.356356356356356319e-01 6.747957563143900384e-01
1.366366366366366103e-01 6.749965173004288665e-01
1.376376376376376443e-01 6.751950893633902329e-01
1.386386386386386227e-01 6.753914484841005983e-01
1.396396396396396566e-01 6.755855724121204720e-01
1.406406406406406351e-01 6.757774406880816542e-01
1.416416416416416413e-01 6.759670346640526128e-01
1.426426426426426475e-01 6.761543375219132290e-01
1.436436436436436259e-01 6.763393342896704130e-01
1.446446446446446599e-01 6.765220118556967144e-01
1.456456456456456383e-01 6.767023589808557338e-01
1.466466466466466445e-01 6.768803663084835831e-01
1.476476476476476507e-01 6.770560263722003036e-01
1.486486486486486291e-01 6.772293336015331455e-01
1.496496496496496631e-01 6.774002843253359440e-01
1.506506506506506415e-01 6.775688767729911577e-01
1.516516516516516755e-01 6.777351110733855766e-01
1.526526526526526539e-01 6.778989892516623650e-01
1.536536536536536324e-01 6.780605152237412225e-01
1.546546546546546663e-01 6.782196947886297567e-01
1.556556556556556448e-01 6.783765356185160744e-01
1.566566566566566787e-01 6.785310472466791198e-01
1.576576576576576572e-01 6.786832410532210869e-01
1.586586586586586356e-01 6.788331302486584340e-01
1.596596596596596696e-01 6.789807298553944825e-01
1.606606606606606480e-01 6.791260566871097915e-01
1.616616616616616819e-01 6.792691293261081675e-01
1.626626626626626604e-01 6.794099680986607215e-01
1.636636636636636388e-01 6.795485950483975968e-01
1.646646646646646728e-01 6.796850339077892267e-01
1.656656656656656512e-01 6.798193100677770717e-01
1.666666666666666852e-01 6.799514505456119018e-01
1.676676676676676636e-01 6.800814839509519150e-01
1.686686686686686421e-01 6.802094404502904146e-01
1.696696696696696760e-01 6.803353517297783259e-01
1.706706706706706544e-01 6.804592509565003944e-01
1.716716716716716884e-01 6.805811727382843346e-01
1.726726726726726668e-01 6.807011530821110989e-01
1.736736736736736730e-01 6.808192293511967641e-01
1.746746746746746792e-01 6.809354402208215307e-01
1.756756756756756577e-01 6.810498256329781119e-01
1.766766766766766916e-01 6.811624267499222229e-01
1.776776776776776701e-01 6.812732859066912283e-01
1.786786786786786763e-01 6.813824465626726612e-01
1.796796796796796825e-01 6.814899532522954440e-01
1.806806806806806609e-01 6.815958515349225255e-01
1.816816816816816949e-01 6.817001879440169887e-01
1.826826826826826733e-01 6.818030099356495732e-01
1.836836836836837072e-01 6.819043658364366545e-01
1.846846846846846857e-01 6.820043047909578604e-01
1.856856856856856641e-01 6.821028767087411460e-01
1.866866866866866981e-01 6.822001322108770527e-01
1.876876876876876765e-01 6.822961225763239934e-01
1.886886886886887105e-01 6.823908996879763933e-01
1.896896896896896889e-01 6.824845159785551951e-01
1.906906906906906674e-01 6.825770243763799039e-01
1.916916916916917013e-01 6.826684782510795690e-01
1.926926926926926797e-01 6.827589313593069864e-01
1.936936936936937137e-01 6.828484377904954217e-01
1.946946946946946921e-01 6.829370519127222483e-01
1.956956956956956706e-01 6.830248283187230207e-01
1.966966966966967045e-01 6.831118217721016128e-01
1.976976976976976830e-01 6.831980871537846056e-01
1.986986986986987169e-01 6.832836794087576715e-01
1.996996996996996954e-01 6.833686534931314727e-01
2.007007007007006738e-01 6.834530643215676049e-01
2.017017017017017078e-01 6.835369667151023343e-01
2.027027027027026862e-01 6.836204153494102043e-01
2.037037037037037202e-01 6.837034647035276080e-01
2.047047047047046986e-01 6.837861690090741851e-01
2.057057057057057048e-01 6.838685822000060144e-01
2.067067067067067110e-01 6.839507578629194784e-01
2.077077077077076894e-01 6.840327491879355515e-01
2.087087087087087234e-01 6.841146089201931568e-01
2.097097097097097018e-01 6.841963893119752393e-01
2.107107107107107080e-01 6.842781420754897592e-01
2.117117117117117142e-01 6.843599183363324734e-01
2.127127127127126927e-01 6.844417685876477142e-01
2.137137137137137266e-01 6.845237426450200280e-01
2.147147147147147050e-01 6.846058896021123275e-01
2.157157157157157390e-01 6.846882577870749831e-01
2.167167167167167174e-01 6.847708947197465035e-01
2.177177177177176959e-01 6.848538470696785563e-01
2.187187187187187298e-01 6.849371606149948777e-01
2.197197197197197083e-01 6.850208802021219290e-01
2.207207207207207422e-01 6.851050497064069544e-01
2.217217217217217207e-01 6.851897119936544156e-01
2.227227227227226991e-01 6.852749088826096679e-01
2.237237237237237331e-01 6.853606811084107520e-01
2.247247247247247115e-01 6.854470682870490439e-01
2.257257257257257455e-01 6.855341088808573069e-01
2.267267267267267239e-01 6.856218401650652217e-01
2.277277277277277023e-01 6.857102981954558141e-01
2.287287287287287363e-01 6.857995177771524231e-01
2.297297297297297147e-01 6.858895324345786193e-01
2.307307307307307487e-01 6.859803743826239364e-01
2.317317317317317271e-01 6.860720744990580489e-01
2.327327327327327056e-01 6.861646622982340293e-01
2.337337337337337395e-01 6.862581659061190997e-01
2.347347347347347180e-01 6.863526120367017258e-01
2.357357357357357519e-01 6.864480259698122477e-01
2.367367367367367303e-01 6.865444315304167766e-01
2.377377377377377365e-01 6.866418510694116684e-01
2.387387387387387427e-01 6.867403054459846334e-01
2.397397397397397212e-01 6.868398140115824502e-01
2.407407407407407551e-01 6.869403945955324664e-01
2.417417417417417336e-01 6.870420634923796177e-01
2.427427427427427398e-01 6.871448354509768208e-01
2.437437437437437460e-01 6.872487236653853637e-01
2.447447447447447244e-01 6.873537397676384719e-01
2.457457457457457584e-01 6.874598938224156797e-01
2.467467467467467368e-01 6.875671943236785211e-01
2.477477477477477708e-01 6.876756481933203879e-01
2.487487487487487492e-01 6.877852607818760733e-01
2.497497497497497554e-01 6.878960358713429590e-01
2.507507507507507616e-01 6.880079756801599222e-01
2.517517517517517400e-01 6.881210808703888127e-01
2.527527527527527740e-01 6.882353505571409125e-01
2.537537537537537524e-01 6.883507823202961173e-01
2.547547547547547309e-01 6.884673722185530309e-01
2.557557557557557648e-01 6.885851148058391713e-01
2.567567567567567433e-01 6.887040031501290294e-01
2.577577577577577772e-01 6.888240288546996215e-01
2.587587587587587556e-01 6.889451820818377481e-01
2.597597597597597341e-01 6.890674515790521371e-01
2.607607607607607680e-01 6.891908247077827010e-01
2.617617617617617465e-01 6.893152874746523162e-01
2.627627627627627804e-01 6.894408245652540179e-01
2.637637637637637589e-01 6.895674193804983698e-01
2.647647647647647373e-01 6.896950540755220072e-01
2.657657657657657713e-01 6.898237096011566871e-01
2.667667667667667497e-01 6.899533657479619553e-01
2.677677677677677837e-01 6.900840011928066620e-01
2.687687687687687621e-01 6.902155935479914461e-01
2.697697697697697405e-01 6.903481194128938681e-01
2.707707707707707745e-01 6.904815544281093231e-01
2.717717717717717529e-01 6.906158733320656440e-01
2.727727727727727869e-01 6.907510500200721992e-01
2.737737737737737653e-01 6.908870576057706270e-01
2.747747747747747438e-01 6.910238684849348001e-01
2.757757757757757777e-01 6.911614544015812767e-01
2.767767767767768117e-01 6.912997865163241773e-01
2.777777777777777901e-01 6.914388354769241962e-01
2.787787787787787686e-01 6.915785714909583604e-01
2.797797797797797470e-01 6.917189644005461435e-01
2.807807807807807809e-01 6.918599837590539980e-01
2.817817817817818149e-01 6.920015989096932607e-01
2.827827827827827933e-01 6.921437790659331624e-01
2.837837837837837718e-01 6.922864933936381249e-01
2.847847847847847502e-01 6.924297110948260947e-01
2.857857857857857842e-01 6.925734014929592064e-01
2.867867867867868181e-01 6.927175341196603053e-01
2.877877877877877966e-01 6.928620788027439747e-01
2.887887887887887750e-01 6.930070057554585938e-01
2.897897897897897534e-01 6.931522856668214105e-01
2.907907907907907874e-01 6.932978897929287232e-01
2.917917917917918214e-01 6.934437900491284834e-01
2.927927927927927998e-01 6.935899591029198730e-01
2.937937937937937782e-01 6.937363704674712750e-01
2.947947947947947567e-01 6.938829985956185276e-01
2.957957957957957906e-01 6.940298189742213353e-01
2.967967967967968246e-01 6.941768082187483868e-01
2.977977977977978030e-01 6.943239441679589508e-01
2.987987987987987815e-01 6.944712059785571601e-01
2.997997997997997599e-01 6.946185742196808732e-01
3.008008008008007939e-01 6.947660309671009893e-01
3.018018018018018278e-01 6.949135598970026528e-01
3.028028028028028062e-01 6.950611463792147893e-01
3.038038038038037847e-01 6.952087775697677330e-01
3.048048048048048186e-01 6.953564425026509399e-01
3.058058058058057971e-01 6.955041321806462173e-01
3.068068068068068310e-01 6.956518396651208969e-01
3.078078078078078095e-01 6.957995601646598249e-01
3.088088088088087879e-01 6.959472911224215963e-01
3.098098098098098219e-01 6.960950323021112274e-01
3.108108108108108003e-01 6.962427858724562491e-01
3.118118118118118343e-01 6.963905564900892964e-01
3.128128128128128127e-01 6.965383513807335003e-01
3.138138138138137911e-01 6.966861804185947582e-01
3.148148148148148251e-01 6.968340562038765063e-01
3.158158158158158035e-01 6.969819941383254003e-01
3.168168168168168375e-01 6.971300124987314106e-01
3.178178178178178159e-01 6.972781325083043935e-01
3.188188188188187944e-01 6.974263784058593041e-01
3.198198198198198283e-01 6.975747775127458805e-01
3.208208208208208068e-01 6.977233602974591831e-01
3.218218218218218407e-01 6.978721604378829158e-01
3.228228228228228192e-01 6.980212148811127948e-01
3.238238238238237976e-01 6.981705639008202180e-01
3.248248248248248315e-01 6.983202511521133804e-01
3.258258258258258100e-01 6.984703237238718554e-01
3.268268268268268439e-01 6.986208321885162276e-01
3.278278278278278224e-01 6.987718306492015641e-01
3.288288288288288008e-01 6.989233767844078571e-01
3.298298298298298348e-01 6.990755318899199988e-01
3.308308308308308132e-01 6.992283609181859649e-01
3.318318318318318472e-01 6.993819325150475441e-01
3.328328328328328256e-01 6.995363190538462783e-01
3.338338338338338041e-01 6.996915966669011722e-01
3.348348348348348380e-01 6.998478452743680522e-01
3.358358358358358164e-01 7.000051486104851284e-01
3.368368368368368504e-01 7.001635942472175245e-01
3.378378378378378288e-01 7.003232736153086613e-01
3.388388388388388073e-01 7.004842820227558109e-01
3.398398398398398412e-01 7.006467186707191486e-01
3.408408408408408752e-01 7.008106866668836199e-01
3.418418418418418536e-01 7.009762930362799516e-01
3.428428428428428321e-01 7.011436487295871212e-01
3.438438438438438105e-01 7.013128686289205049e-01
3.448448448448448445e-01 7.014840715511208025e-01
3.458458458458458784e-01 7.016573802485482902e-01
3.468468468468468568e-01 7.018329214073916189e-01
3.478478478478478353e-01 7.020108256434868244e-01
3.488488488488488137e-01 7.021912274956525479e-01
3.498498498498498477e-01 7.023742654165247012e-01
3.508508508508508816e-01 7.025600817608896875e-01
3.518518518518518601e-01 7.027488227714925317e-01
3.528528528528528385e-01 7.029406385622967157e-01
3.538538538538538170e-01 7.031356830991721818e-01
3.548548548548548509e-01 7.033341141779703154e-01
3.558558558558558849e-01 7.035360933999443844e-01
3.568568568568568633e-01 7.037417861444662526e-01
3.578578578578578417e-01 7.039513615389783041e-01
3.588588588588588202e-01 7.041649924261175197e-01
3.598598598598598541e-01 7.043828553279325444e-01
3.608608608608608881e-01 7.046051304071121457e-01
3.618618618618618665e-01 7.048320014251356902e-01
3.628628628628628450e-01 7.050636556972362801e-01
3.638638638638638234e-01 7.053002840440758536e-01
3.648648648648648574e-01 7.055420807400047956e-01
3.658658658658658913e-01 7.057892434577858198e-01
3.668668668668668698e-01 7.060419732096354650e-01
3.678678678678678482e-01 7.063004742844491979e-01
3.688688688688688821e-01 7.065649541810475887e-01
3.698698698698698606e-01 7.068356235372836860e-01
3.708708708708708945e-01 7.071126960548468343e-01
3.718718718718718730e-01 7.073963884195794138e-01
3.728728728728728514e-01 7.076869202171268691e-01
3.738738738738738854e-01 7.079845138437341756e-01
3.748748748748748638e-01 7.082893944119860175e-01
3.758758758758758978e-01 7.086017896512979419e-01
3.768768768768768762e-01 7.089219298029537653e-01
3.778778778778778547e-01 7.092500475094780654e-01
3.788788788788788886e-01 7.095863776981395921e-01
3.798798798798798670e-01 7.099311574583732076e-01
3.808808808808809010e-01 7.102846259129089734e-01
3.818818818818818794e-01 7.106470240823998807e-01
3.828828828828828579e-01 7.110185947433423914e-01
3.838838838838838918e-01 7.113995822790794010e-01
3.848848848848848703e-01 7.117902325236943328e-01
3.858858858858859042e-01 7.121907925985937471e-01
3.868868868868868827e-01 7.126015107415974992e-01
3.878878878878878611e-01 7.130226361283544811e-01
3.888888888888888951e-01 7.134544186859175241e-01
3.898898898898898735e-01 7.138971088983192548e-01
3.908908908908909074e-01 7.143509576040016906e-01
3.918918918918918859e-01 7.148162157849747844e-01
3.928928928928928643e-01 7.152931343475856796e-01
3.938938938938938983e-01 7.157819638947992003e-01
3.948948948948948767e-01 7.162829544899168566e-01
3.958958958958959107e-01 7.167963554116706382e-01
3.968968968968968891e-01 7.173224149006541817e-01
3.978978978978978676e-01 7.178613798970830961e-01
3.988988988988989015e-01 7.184134957698857793e-01
3.998998998998998800e-01 7.189790060371694658e-01
4.009009009009009139e-01 7.195581520781166862e-01
4.019019019019018923e-01 7.201511728364088372e-01
4.029029029029028708e-01 7.207583045152949897e-01
4.039039039039039047e-01 7.213797802644561497e-01
4.049049049049049387e-01 7.220158298588482682e-01
4.059059059059059171e-01 7.226666793697431590e-01
4.069069069069068956e-01 7.233325508282054672e-01
4.079079079079078740e-01 7.240136618813005631e-01
4.089089089089089080e-01 7.247102254413418931e-01
4.099099099099099419e-01 7.254224493285346131e-01
4.109109109109109204e-01 7.261505359074011956e-01
4.119119119119118988e-01 7.268946817174177788e-01
4.129129129129128772e-01 7.276550770983163385e-01
4.139139139139139112e-01 7.284319058105545031e-01
4.149149149149149451e-01 7.292253446514838089e-01
4.159159159159159236e-01 7.300355630677863861e-01
4.169169169169169020e-01 7.308627227647829239e-01
4.179179179179178805e-01 7.317069773132566235e-01
4.189189189189189144e-01 7.325684717544600488e-01
4.199199199199199484e-01 7.334473422040193036e-01
4.209209209209209268e-01 7.343437154554712798e-01
4.219219219219219053e-01 7.352577085842086912e-01
4.229229229229228837e-01 7.361894285526314752e-01
4.239239239239239176e-01 7.371389718173378958e-01
4.249249249249249516e-01 7.381064239392105542e-01
4.259259259259259300e-01 7.390918591972818197e-01
4.269269269269269085e-01 7.400953402072824039e-01
4.279279279279278869e-01 7.411169175458026670e-01
4.289289289289289209e-01 7.421566293810127890e-01
4.299299299299299548e-01 7.432145011109025923e-01
4.309309309309309333e-01 7.442905450100222309e-01
4.319319319319319117e-01 7.453847598857098466e-01
4.329329329329329457e-01 7.464971307448068361e-01
4.339339339339339241e-01 7.476276284718639253e-01
4.349349349349349581e-01 7.487762095198449153e-01
4.359359359359359365e-01 7.499428156143391755e-01
4.369369369369369149e-01 7.511273734722839768e-01
4.379379379379379489e-01 7.523297945361996364e-01
4.389389389389389273e-01 7.535499747249232438e-01
4.399399399399399613e-01 7.547877942018236253e-01
4.409409409409409397e-01 7.560431171614515611e-01
4.419419419419419182e-01 7.573157916355748309e-01
4.429429429429429521e-01 7.586056493195126871e-01
4.439439439439439306e-01 7.599125054196640416e-01
4.449449449449449645e-01 7.612361585230938976e-01
4.459459459459459429e-01 7.625763904900104695e-01
4.469469469469469214e-01 7.639329663699223616e-01
4.479479479479479553e-01 7.653056343422399710e-01
4.489489489489489338e-01 7.666941256820259953e-01
4.499499499499499677e-01 7.680981547515667307e-01
4.509509509509509462e-01 7.695174190183813323e-01
4.519519519519519246e-01 7.709515991002349189e-01
4.529529529529529586e-01 7.724003588376673335e-01
4.539539539539539370e-01 7.738633453944936402e-01
4.549549549549549710e-01 7.753401893866691541e-01
4.559559559559559494e-01 7.768305050398500722e-01
4.569569569569569278e-01 7.783338903759227101e-01
4.579579579579579618e-01 7.798499274286946337e-01
4.589589589589589402e-01 7.813781824888847982e-01
4.599599599599599742e-01 7.829182063784748680e-01
4.609609609609609526e-01 7.844695347544081709e-01
4.619619619619619311e-01 7.860316884415583516e-01
4.629629629629629650e-01 7.876041737948045185e-01
4.639639639639639435e-01 7.891864830899877337e-01
4.649649649649649774e-01 7.907780949434357609e-01
4.659659659659659559e-01 7.923784747596742672e-01
4.669669669669669343e-01 7.939870752068665105e-01
4.679679679679679682e-01 7.956033367194454975e-01
4.689689689689690022e-01 7.972266880273239931e-01
4.699699699699699806e-01 7.988565467110043672e-01
4.709709709709709591e-01 8.004923197818210046e-01
4.719719719719719375e-01 8.021334042864897151e-01
4.729729729729729715e-01 8.037791879350557611e-01
4.739739739739740054e-01 8.054290497512696101e-01
4.749749749749749839e-01 8.070823607443532444e-01
4.759759759759759623e-01 8.087384846010432504e-01
4.769769769769769407e-01 8.103967783967496175e-01
4.779779779779779747e-01 8.120565933245968981e-01
4.789789789789790087e-01 8.137172754410595399e-01
4.799799799799799871e-01 8.153781664268571205e-01
4.809809809809809655e-01 8.170386043617071659e-01
4.819819819819819440e-01 8.186979245115046933e-01
4.829829829829829779e-01 8.203554601264390067e-01
4.839839839839840119e-01 8.220105432485278474e-01
4.849849849849849903e-01 8.236625055270070384e-01
4.859859859859859688e-01 8.253106790399848958e-01
4.869869869869869472e-01 8.269543971207422572e-01
4.879879879879879812e-01 8.285929951870387722e-01
4.889889889889890151e-01 8.302258115717582321e-01
4.899899899899899935e-01 8.318521883532299377e-01
4.909909909909909720e-01 8.334714721835303486e-01
4.919919919919919504e-01 8.350830151130869128e-01
4.929929929929929844e-01 8.366861754098917636e-01
4.939939939939940183e-01 8.382803183716444062e-01
4.949949949949949968e-01 8.398648171291519526e-01
4.959959959959959752e-01 8.414390534393285659e-01
4.969969969969970092e-01 8.430024184661573106e-01
4.979979979979979876e-01 8.445543135480010344e-01
4.989989989989990216e-01 8.460941509496765489e-01
5.000000000000000000e-01 8.476213545977463459e-01
5.010010010010010895e-01 8.491353607975067330e-01
5.020020020020019569e-01 8.506356189302097803e-01
5.030030030030030463e-01 8.521215921290952178e-01
5.040040040040039138e-01 8.535927579328512760e-01
5.050050050050050032e-01 8.550486089151977387e-01
5.060060060060060927e-01 8.564886532893225546e-01
5.070070070070069601e-01 8.579124154859787410e-01
5.080080080080080496e-01 8.593194367041089299e-01
5.090090090090089170e-01 8.607092754329297435e-01
5.100100100100100065e-01 8.620815079444883455e-01
5.110110110110110959e-01 8.634357287557694605e-01
5.120120120120119633e-01 8.647715510595098687e-01
5.130130130130130528e-01 8.660886071229617622e-01
5.140140140140139202e-01 8.673865486539127367e-01
5.150150150150150097e-01 8.686650471333734469e-01
5.160160160160160991e-01 8.699237941144039032e-01
5.170170170170169666e-01 8.711625014866535288e-01
5.180180180180180560e-01 8.723809017062680304e-01
5.190190190190189234e-01 8.735787479908929676e-01
5.200200200200200129e-01 8.747558144796140356e-01
5.210210210210211024e-01 8.759118963577305905e-01
5.220220220220219698e-01 8.770468099463710754e-01
5.230230230230230593e-01 8.781603927570296175e-01
5.240240240240239267e-01 8.792525035111877774e-01
5.250250250250250161e-01 8.803230221252803522e-01
5.260260260260261056e-01 8.813718496613323072e-01
5.270270270270269730e-01 8.823989082436827225e-01
5.280280280280280625e-01 8.834041409422910274e-01
5.290290290290289299e-01 8.843875116231889599e-01
5.300300300300300194e-01 8.853490047667291751e-01
5.310310310310311088e-01 8.862886252543364929e-01
5.320320320320319762e-01 8.872063981245568165e-01
5.330330330330330657e-01 8.881023682992436052e-01
5.340340340340339331e-01 8.889766002808007217e-01
5.350350350350350226e-01 8.898291778214542092e-01
5.360360360360361121e-01 8.906602035655784011e-01
5.370370370370369795e-01 8.914697986661590523e-01
5.380380380380380689e-01 8.922581023765276953e-01
5.390390390390389364e-01 8.930252716185345108e-01
5.400400400400400258e-01 8.937714805283822894e-01
5.410410410410411153e-01 8.944969199813710414e-01
5.420420420420419827e-01 8.952017970968426663e-01
5.430430430430430722e-01 8.958863347246360798e-01
5.440440440440439396e-01 8.965507709143980541e-01
5.450450450450450290e-01 8.971953583691036904e-01
5.460460460460461185e-01 8.978203638841710799e-01
5.470470470470469859e-01 8.984260677735493861e-01
5.480480480480480754e-01 8.990127632841875549e-01
5.490490490490490538e-01 8.995807560002735404e-01
5.500500500500500323e-01 9.001303632386543629e-01
5.510510510510511217e-01 9.006619134368274437e-01
5.520520520520519892e-01 9.011757455348924362e-01
5.530530530530530786e-01 9.016722083528442289e-01
5.540540540540540571e-01 9.021516599645613699e-01
5.550550550550550355e-01 9.026144670698400541e-01
5.560560560560561250e-01 9.030610043657841812e-01
5.570570570570569924e-01 9.034916539188547757e-01
5.580580580580580818e-01 9.039068045388354289e-01
5.590590590590590603e-01 9.043068511559489986e-01
5.600600600600600387e-01 9.046921942023258278e-01
5.610610610610611282e-01 9.050632389989796689e-01
5.620620620620619956e-01 9.054203951494124158e-01
5.630630630630630851e-01 9.057640759409294473e-01
5.640640640640640635e-01 9.060946977546882053e-01
5.650650650650650419e-01 9.064126794854806546e-01
5.660660660660661314e-01 9.067184419721765476e-01
5.670670670670669988e-01 9.070124074397227787e-01
5.680680680680680883e-01 9.072949989535323834e-01
5.690690690690690667e-01 9.075666398870531060e-01
5.700700700700700452e-01 9.078277534032433982e-01
5.710710710710711346e-01 9.080787619506369701e-01
5.720720720720720021e-01 9.083200867746181739e-01
5.730730730730730915e-01 9.085521474444794299e-01
5.740740740740740700e-01 9.087753613967712862e-01
5.750750750750750484e-01 9.089901434954065218e-01
5.760760760760761379e-01 9.091969056089241885e-01
5.770770770770770053e-01 9.093960562052546548e-01
5.780780780780780947e-01 9.095879999642951796e-01
5.790790790790790732e-01 9.097731374085251677e-01
5.800800800800800516e-01 9.099518645518586135e-01
5.810810810810811411e-01 9.101245725668707376e-01
5.820820820820820085e-01 9.102916474704875194e-01
5.830830830830830980e-01 9.104534698281747662e-01
5.840840840840840764e-01 9.106104144766248298e-01
5.850850850850850549e-01 9.107628502648799085e-01
5.860860860860861443e-01 9.109111398137992310e-01
5.870870870870870117e-01 9.110556392937225745e-01
5.880880880880881012e-01 9.111966982201590293e-01
5.890890890890890796e-01 9.113346592672643132e-01
5.900900900900900581e-01 9.114698580988659371e-01
5.910910910910911475e-01 9.116026232167276921e-01
5.920920920920920150e-01 9.117332758257414849e-01
5.930930930930931044e-01 9.118621297156807026e-01
5.940940940940940829e-01 9.119894911591314157e-01
5.950950950950950613e-01 9.121156588251969621e-01
5.960960960960961508e-01 9.122409237085314926e-01
5.970970970970970182e-01 9.123655690732512813e-01
5.980980980980981077e-01 9.124898704112436310e-01
5.990990990990990861e-01 9.126140954143810990e-01
6.001001001001000645e-01 9.127385039601284555e-01
6.011011011011011540e-01 9.128633481100220104e-01
6.021021021021020214e-01 9.129888721204840740e-01
6.031031031031031109e-01 9.131153124654350917e-01
6.041041041041040893e-01 9.132428978701457867e-01
6.051051051051050678e-01 9.133718493557799745e-01
6.061061061061061572e-01 9.135023802940718252e-01
6.071071071071070246e-01 9.136346964715715835e-01
6.081081081081081141e-01 9.137689961629085200e-01
6.091091091091092036e-01 9.139054702125142260e-01
6.101101101101100710e-01 9.140443021242502519e-01
6.111111111111111605e-01 9.141856681584022981e-01
6.121121121121120279e-01 9.143297374354956153e-01
6.131131131131131173e-01 9.144766720464058141e-01
6.141141141141142068e-01 9.146266271682440552e-01
6.151151151151150742e-01 9.147797511855076946e-01
6.161161161161161637e-01 9.149361858160044436e-01
6.171171171171170311e-01 9.150960662410578816e-01
6.181181181181181206e-01 9.152595212395395752e-01
6.191191191191192100e-01 9.154266733252641730e-01
6.201201201201200774e-01 9.155976388873141580e-01
6.211211211211211669e-01 9.157725283328769228e-01
6.221221221221220343e-01 9.159514462321872719e-01
6.231231231231231238e-01 9.161344914651978755e-01
6.241241241241242133e-01 9.163217573695999763e-01
6.251251251251250807e-01 9.165133318898582848e-01
6.261261261261261701e-01 9.167092977269273302e-01
6.271271271271270376e-01 9.169097324883356270e-01
6.281281281281281270e-01 9.171147088383564405e-01
6.291291291291292165e-01 9.173242946479842619e-01
6.301301301301300839e-01 9.175385531444719689e-01
6.311311311311311734e-01 9.177575430601971895e-01
6.321321321321320408e-01 9.179813187806366015e-01
6.331331331331331302e-01 9.182099304912590965e-01
6.341341341341342197e-01 9.184434243231629491e-01
6.351351351351350871e-01 9.186818424972895691e-01
6.361361361361361766e-01 9.189252234670826081e-01
6.371371371371370440e-01 9.191736020594633017e-01
6.381381381381381335e-01 9.194270096140119142e-01
6.391391391391392229e-01 9.196854741202720174e-01
6.401401401401400904e-01 9.199490203530943377e-01
6.411411411411411798e-01 9.202176700059619963e-01
6.421421421421420472e-01 9.204914418222504002e-01
6.431431431431431367e-01 9.207703517243909230e-01
6.441441441441442262e-01 9.210544129409112823e-01
6.451451451451450936e-01 9.213436361313523948e-01
6.461461461461461830e-01 9.216380295090604857e-01
6.471471471471470505e-01 9.219375989618688871e-01
6.481481481481481399e-01 9.222423481706960580e-01
6.491491491491492294e-01 9.225522787260891366e-01
6.501501501501500968e-01 9.228673902427610987e-01
6.511511511511511863e-01 9.231876804721637075e-01
6.521521521521520537e-01 9.235131454131579876e-01
6.531531531531531432e-01 9.238437794208476106e-01
6.541541541541542326e-01 9.241795753136361480e-01
6.551551551551551000e-01 9.245205244785885679e-01
6.561561561561561895e-01 9.248666169751766919e-01
6.571571571571570569e-01 9.252178416374788883e-01
6.581581581581581464e-01 9.255741861749366972e-01
6.591591591591592358e-01 9.259356372717374439e-01
6.601601601601601033e-01 9.263021806849229822e-01
6.611611611611611927e-01 9.266738013413133856e-01
6.621621621621620601e-01 9.270504834333307409e-01
6.631631631631631496e-01 9.274322105138208538e-01
6.641641641641642391e-01 9.278189655899551358e-01
6.651651651651651065e-01 9.282107312163145885e-01
6.661661661661661959e-01 9.286074895872292734e-01
6.671671671671670634e-01 9.290092226284725196e-01
6.681681681681681528e-01 9.294159120883861425e-01
6.691691691691692423e-01 9.298275396285236027e-01
6.701701701701701097e-01 9.302440869138891566e-01
6.711711711711711992e-01 9.306655357028472686e-01
6.721721721721720666e-01 9.310918679367792272e-01
6.731731731731731561e-01 9.315230658295529098e-01
6.741741741741742455e-01 9.319591119568730875e-01
6.751751751751751129e-01 9.323999893455738874e-01
6.761761761761762024e-01 9.328456815629128096e-01
6.771771771771771808e-01 9.332961728059144813e-01
6.781781781781781593e-01 9.337514479908209930e-01
6.791791791791792487e-01 9.342114928426881182e-01
6.801801801801801162e-01 9.346762939851670504e-01
6.811811811811812056e-01 9.351458390305148471e-01
6.821821821821821841e-01 9.356201166698555616e-01
6.831831831831831625e-01 9.360991167637270349e-01
6.841841841841842520e-01 9.365828304329316678e-01
6.851851851851851194e-01 9.370712501497081570e-01
6.861861861861862089e-01 9.375643698292448480e-01
6.871871871871871873e-01 9.380621849215374786e-01
6.881881881881881657e-01 9.385646925035997512e-01
6.891891891891892552e-01 9.390718913720307315e-01
6.901901901901901226e-01 9.395837821359324105e-01
6.911911911911912121e-01 9.401003673101787639e-01
6.921921921921921905e-01 9.406216514090153247e-01
6.931931931931931690e-01 9.411476410399947090e-01
6.941941941941942584e-01 9.416783449982141230e-01
6.951951951951951258e-01 9.422137743608478555e-01
6.961961961961962153e-01 9.427539425819516650e-01
6.971971971971971938e-01 9.432988655875118589e-01
6.981981981981981722e-01 9.438485618707179725e-01
6.991991991991992617e-01 9.444030525874254067e-01
7.002002002002001291e-01 9.449623616517850433e-01
7.012012012012012185e-01 9.455265158320027563e-01
7.022022022022021970e-01 9.460955448461980666e-01
7.032032032032031754e-01 9.466694814583280770e-01
7.042042042042042649e-01 9.472483615741441598e-01
7.052052052052051323e-01 9.478322243371380962e-01
7.062062062062062218e-01 9.484211122244551317e-01
7.072072072072072002e-01 9.490150711427216557e-01
7.082082082082081786e-01 9.496141505237669644e-01
7.092092092092092681e-01 9.502184034201908158e-01
7.102102102102101355e-01 9.508278866007522367e-01
7.112112112112112250e-01 9.514426606455336222e-01
7.122122122122122034e-01 9.520627900408592525e-01
7.132132132132131819e-01 9.526883432739233770e-01
7.142142142142142713e-01 9.533193929271100986e-01
7.152152152152151388e-01 9.539560157719590983e-01
7.162162162162162282e-01 9.545982928627698705e-01
7.172172172172172067e-01 9.552463096297981737e-01
7.182182182182181851e-01 9.559001559720365915e-01
7.192192192192192746e-01 9.565599263495514482e-01
7.202202202202201420e-01 9.572257198753566509e-01
7.212212212212212314e-01 9.578976404068126893e-01
7.222222222222222099e-01 9.585757966365309191e-01
7.232232232232231883e-01 9.592603021827830201e-01
7.242242242242242778e-01 9.599512756793935342e-01
7.252252252252251452e-01 9.606488408651289168e-01
7.262262262262262347e-01 9.613531266725652280e-01
7.272272272272272131e-01 9.620642673164500058e-01
7.282282282282281916e-01 9.627824023815554355e-01
7.292292292292292810e-01 9.635076769100371363e-01
7.302302302302301484e-01 9.642402414883095574e-01
7.312312312312312379e-01 9.649802523334548576e-01
7.322322322322322163e-01 9.657278713791820346e-01
7.332332332332331948e-01 9.664832663613655006e-01
7.342342342342342842e-01 9.672466109031866432e-01
7.352352352352351517e-01 9.680180845999070138e-01
7.362362362362362411e-01 9.687978731033151103e-01
7.372372372372373306e-01 9.695861682058715125e-01
7.382382382382381980e-01 9.703831679246075481e-01
7.392392392392392875e-01 9.711890765848093521e-01
7.402402402402401549e-01 9.720041049035441638e-01
7.412412412412412444e-01 9.728284700730729373e-01
7.422422422422423338e-01 9.736623958442101046e-01
7.432432432432432012e-01 9.745061126096691284e-01
7.442442442442442907e-01 9.753598574874855487e-01
7.452452452452451581e-01 9.762238744045365069e-01
7.462462462462462476e-01 9.770984141802611100e-01
7.472472472472473370e-01 9.779837346106173834e-01
7.482482482482482045e-01 9.788801005523556364e-01
7.492492492492492939e-01 9.797877840076860689e-01
7.502502502502501613e-01 9.807070642093861368e-01
7.512512512512512508e-01 9.816382277064457096e-01
7.522522522522523403e-01 9.825815684503064196e-01
7.532532532532532077e-01 9.835373878817740279e-01
7.542542542542542972e-01 9.845059950186750841e-01
7.552552552552551646e-01 9.854877065443288231e-01
7.562562562562562540e-01 9.864828468969134567e-01
7.572572572572573435e-01 9.874917483597916990e-01
7.582582582582582109e-01 9.885147511528701303e-01
7.592592592592593004e-01 9.895522035250630122e-01
7.602602602602601678e-01 9.906044618479196151e-01
7.612612612612612573e-01 9.916718907104958847e-01
7.622622622622623467e-01 9.927548630155205167e-01
7.632632632632632141e-01 9.938537600769185021e-01
7.642642642642643036e-01 9.949689717187567561e-01
7.652652652652651710e-01 9.961008963756550205e-01
7.662662662662662605e-01 9.972499411947182146e-01
7.672672672672673500e-01 9.984165221390419731e-01
7.682682682682682174e-01 9.996010640928100210e-01
7.692692692692693068e-01 1.000804000968055218e+00
7.702702702702701743e-01 1.002025775813074615e+00
7.712712712712712637e-01 1.003266840922568681e+00
7.722722722722723532e-01 1.004527657949477515e+00
7.732732732732732206e-01 1.005808698018570313e+00
7.742742742742743101e-01 1.007110441841769344e+00
7.752752752752751775e-01 1.008433379835214527e+00
7.762762762762762669e-01 1.009778012238077949e+00
7.772772772772773564e-01 1.011144849233087895e+00
7.782782782782782238e-01 1.012534411068766405e+00
7.792792792792793133e-01 1.013947228183351479e+00
7.802802802802801807e-01 1.015383841330345760e+00
7.812812812812812702e-01 1.016844801705680812e+00
7.822822822822823596e-01 1.018330671076425720e+00
7.832832832832832270e-01 1.019842021910986496e+00
7.842842842842843165e-01 1.021379437510743893e+00
7.852852852852851839e-01 1.022943512143030809e+00
7.862862862862862734e-01 1.024534851175394445e+00
7.872872872872873629e-01 1.026154071211041963e+00
7.882882882882882303e-01 1.027801800225371709e+00
7.892892892892893197e-01 1.029478677703498324e+00
7.902902902902901872e-01 1.031185354778649588e+00
7.912912912912912766e-01 1.032922494371323552e+00
7.922922922922923661e-01 1.034690771329091374e+00
7.932932932932932335e-01 1.036490872566897536e+00
7.942942942942943230e-01 1.038323497207745305e+00
7.952952952952951904e-01 1.040189356723604686e+00
7.962962962962962798e-01 1.042089175076417629e+00
7.972972972972973693e-01 1.044023688859042842e+00
7.982982982982982367e-01 1.045993647435988549e+00
7.992992992992993262e-01 1.047999813083772214e+00
8.003003003003001936e-01 1.050042961130759567e+00
8.013013013013012831e-01 1.052123880096321962e+00
8.023023023023023725e-01 1.054243371829139075e+00
8.033033033033032400e-01 1.056402251644502410e+00
8.043043043043043294e-01 1.058601348460452840e+00
8.053053053053053079e-01 1.060841504932586776e+00
8.063063063063062863e-01 1.063123577587395951e+00
8.073073073073073758e-01 1.065448436953961853e+00
8.083083083083082432e-01 1.067816967693878238e+00
8.093093093093093326e-01 1.070230068729252748e+00
8.103103103103103111e-01 1.072688653368637945e+00
8.113113113113112895e-01 1.075193649430798537e+00
8.123123123123123790e-01 1.077745999366148455e+00
8.133133133133132464e-01 1.080346660375785195e+00
8.143143143143143359e-01 1.082996604528005502e+00
8.153153153153153143e-01 1.085696818872209368e+00
8.163163163163162928e-01 1.088448305550135720e+00
8.173173173173173822e-01 1.091252081904347637e+00
8.183183183183182496e-01 1.094109180583930030e+00
8.193193193193193391e-01 1.097020649647377333e+00
8.203203203203203175e-01 1.099987552662638812e+00
8.213213213213212960e-01 1.103010968804342573e+00
8.223223223223223854e-01 1.106091992948215585e+00
8.233233233233232529e-01 1.109231735762733262e+00
8.243243243243243423e-01 1.112431323798083183e+00
8.253253253253253208e-01 1.115691899572502255e+00
8.263263263263262992e-01 1.119014621656110098e+00
8.273273273273273887e-01 1.122400664752371879e+00
8.283283283283282561e-01 1.125851219777311840e+00
8.293293293293293456e-01 1.129367493936698885e+00
8.303303303303303240e-01 1.132950710801366778e+00
8.313313313313313024e-01 1.136602110380906971e+00
8.323323323323323919e-01 1.140322949195978763e+00
8.333333333333332593e-01 1.144114500349510344e+00
8.343343343343343488e-01 1.147978053597094039e+00
8.353353353353353272e-01 1.151914915416876184e+00
8.363363363363363057e-01 1.155926409079302664e+00
8.373373373373373951e-01 1.160013874717089166e+00
8.383383383383382625e-01 1.164178669395785182e+00
8.393393393393393520e-01 1.168422167185369842e+00
8.403403403403403304e-01 1.172745759233295271e+00
8.413413413413413089e-01 1.177150853839433298e+00
8.423423423423423984e-01 1.181638876533398497e+00
8.433433433433432658e-01 1.186211270154738706e+00
8.443443443443443552e-01 1.190869494936509954e+00
8.453453453453453337e-01 1.195615028592718287e+00
8.463463463463463121e-01 1.200449366410215823e+00
8.473473473473474016e-01 1.205374021345561486e+00
8.483483483483482690e-01 1.210390524127399114e+00
8.493493493493493585e-01 1.215500423364959337e+00
8.503503503503503369e-01 1.220705285663183259e+00
8.513513513513513153e-01 1.226006695745122332e+00
8.523523523523524048e-01 1.231406256582119108e+00
8.533533533533532722e-01 1.236905589532389715e+00
8.543543543543543617e-01 1.242506334488558295e+00
8.553553553553553401e-01 1.248210150034702481e+00
8.563563563563563186e-01 1.254018713613501257e+00
8.573573573573574080e-01 1.259933721703987874e+00
8.583583583583582755e-01 1.265956890010480063e+00
8.593593593593593649e-01 1.272089953663192885e+00
8.603603603603603434e-01 1.278334667431030747e+00
8.613613613613613218e-01 1.284692805947074357e+00
8.623623623623624113e-01 1.291166163947168988e+00
8.633633633633632787e-01 1.297756556522113858e+00
8.643643643643643681e-01 1.304465819383832104e+00
8.653653653653654576e-01 1.311295809145887059e+00
8.663663663663663250e-01 1.318248403618747400e+00
8.673673673673674145e-01 1.325325502120082044e+00
8.683683683683682819e-01 1.332529025800376576e+00
8.693693693693693714e-01 1.339860917984147637e+00
8.703703703703704608e-01 1.347323144526926031e+00
8.713713713713713283e-01 1.354917694188230826e+00
8.723723723723724177e-01 1.362646579020625248e+00
8.733733733733732851e-01 1.370511834774976956e+00
8.743743743743743746e-01 1.378515521321962645e+00
8.753753753753754641e-01 1.386659723089813223e+00
8.763763763763763315e-01 1.394946549518281342e+00
8.773773773773774209e-01 1.403378135528744464e+00
8.783783783783782884e-01 1.411956642010292473e+00
8.793793793793793778e-01 1.420684256321685712e+00
8.803803803803804673e-01 1.429563192808870120e+00
8.813813813813813347e-01 1.438595693337899384e+00
8.823823823823824242e-01 1.447784027842867527e+00
8.833833833833832916e-01 1.457130494888522199e+00
8.843843843843843811e-01 1.466637422247197176e+00
8.853853853853854705e-01 1.476307167489545824e+00
8.863863863863863379e-01 1.486142118588662075e+00
8.873873873873874274e-01 1.496144694537031139e+00
8.883883883883882948e-01 1.506317345975703104e+00
8.893893893893893843e-01 1.516662555835146975e+00
8.903903903903904737e-01 1.527182839987063945e+00
8.913913913913913412e-01 1.537880747906520629e+00
8.923923923923924306e-01 1.548758863343652425e+00
8.933933933933932980e-01 1.559819805004141413e+00
8.943943943943943875e-01 1.571066227237758461e+00
8.953953953953954770e-01 1.582500820734018099e+00
8.963963963963963444e-01 1.594126313224187630e+00
8.973973973973974338e-01 1.605945470188713253e+00
8.983983983983983013e-01 1.617961095569094399e+00
8.993993993993993907e-01 1.630176032483388715e+00
9.004004004004004802e-01 1.642593163944198631e+00
9.014014014014013476e-01 1.655215413578316808e+00
9.024024024024024371e-01 1.668045746346882297e+00
9.034034034034033045e-01 1.681087169265075731e+00
9.044044044044043940e-01 1.694342732120298178e+00
9.054054054054054834e-01 1.707815528187716980e+00
9.064064064064063508e-01 1.721508694942155859e+00
9.074074074074074403e-01 1.735425414765193963e+00
9.084084084084083077e-01 1.749568915646363187e+00
9.094094094094093972e-01 1.763942471877364415e+00
9.104104104104104866e-01 1.778549404738133832e+00
9.114114114114113541e-01 1.793393083173666858e+00
9.124124124124124435e-01 1.808476924460481472e+00
9.134134134134133109e-01 1.823804394861523015e+00
9.144144144144144004e-01 1.839379010268482384e+00
9.154154154154154899e-01 1.855204336830291290e+00
9.164164164164163573e-01 1.871283991566776939e+00
9.174174174174174468e-01 1.887621642966292868e+00
9.184184184184183142e-01 1.904221011566205934e+00
9.194194194194194036e-01 1.921085870515242044e+00
9.204204204204204931e-01 1.938220046116454265e+00
9.214214214214213605e-01 1.955627418349876523e+00
9.224224224224224500e-01 1.973311921373741784e+00
9.234234234234233174e-01 1.991277544003198896e+00
9.244244244244244069e-01 2.009528330165585963e+00
9.254254254254254963e-01 2.028068379331163129e+00
9.264264264264263637e-01 2.046901846918399048e+00
9.274274274274274532e-01 2.066032944672826499e+00
9.284284284284283206e-01 2.085465941018510350e+00
9.294294294294294101e-01 2.105205161381268120e+00
9.304304304304304996e-01 2.125254988482713880e+00
9.314314314314313670e-01 2.145619862604321249e+00
9.324324324324324564e-01 2.166304281820674138e+00
9.334334334334334349e-01 2.187312802201072603e+00
9.344344344344344133e-01 2.208650037978825864e+00
9.354354354354355028e-01 2.230320661687435813e+00
9.364364364364363702e-01 2.252329404263012869e+00
9.374374374374374597e-01 2.274681055112317996e+00
9.384384384384384381e-01 2.297380462145734104e+00
9.394394394394394165e-01 2.320432531774700546e+00
9.404404404404405060e-01 2.343842228872986322e+00
9.414414414414413734e-01 2.367614576701374318e+00
9.424424424424424629e-01 2.391754656795316514e+00
9.434434434434434413e-01 2.416267608815061863e+00
9.444444444444444198e-01 2.441158630358033932e+00
9.454454454454455092e-01 2.466432976733027971e+00
9.464464464464463767e-01 2.492095960696004475e+00
9.474474474474474661e-01 2.518152952147250989e+00
9.484484484484484446e-01 2.544609377789688764e+00
9.494494494494494230e-01 2.571470720748263439e+00
9.504504504504505125e-01 2.598742520150228330e+00
9.514514514514513799e-01 2.626430370666355874e+00
9.524524524524524693e-01 2.654539922013064324e+00
9.534534534534534478e-01 2.683076878415414868e+00
9.544544544544544262e-01 2.712046998031240719e+00
9.554554554554555157e-01 2.741456092336374883e+00
9.564564564564563831e-01 2.771310025471253713e+00
9.574574574574574726e-01 2.801614713549135161e+00
9.584584584584584510e-01 2.832376123926109379e+00
9.594594594594594295e-01 2.863600274433360404e+00
9.604604604604605189e-01 2.895293232571891195e+00
9.614614614614613863e-01 2.927461114670222297e+00
9.624624624624624758e-01 2.960110085005514868e+00
9.634634634634634542e-01 2.993246354888456029e+00
9.644644644644644327e-01 3.026876181712686797e+00
9.654654654654655221e-01 3.061005867969089245e+00
9.664664664664663896e-01 3.095641760225708694e+00
9.674674674674674790e-01 3.130790248073910043e+00
9.684684684684684575e-01 3.166457763041399254e+00
9.694694694694694359e-01 3.202650777472907606e+00
9.704704704704705254e-01 3.239375803379244356e+00
9.714714714714713928e-01 3.276639391255506517e+00
9.724724724724724823e-01 3.314448128869294408e+00
9.734734734734734607e-01 3.352808640019707909e+00
9.744744744744744391e-01 3.391727583268122181e+00
9.754754754754755286e-01 3.431211650641493360e+00
9.764764764764763960e-01 3.471267566309255592e+00
9.774774774774774855e-01 3.511902085234736681e+00
9.784784784784784639e-01 3.553121991801962309e+00
9.794794794794794424e-01 3.594934098419019008e+00
9.804804804804805318e-01 3.637345244098874719e+00
9.814814814814813992e-01 3.680362293018716091e+00
9.824824824824824887e-01 3.723992133058914966e+00
9.834834834834834671e-01 3.768241674322609036e+00
9.844844844844844456e-01 3.813117847637045088e+00
9.854854854854855351e-01 3.858627603037759091e+00
9.864864864864864025e-01 3.904777908236663375e+00
9.874874874874874919e-01 3.951575747075255496e+00
9.884884884884884704e-01 3.999028117963937312e+00
9.894894894894894488e-01 4.047142032308665982e+00
9.904904904904905383e-01 4.095924512926067074e+00
9.914914914914914057e-01 4.145382592448063619e+00
9.924924924924924952e-01 4.195523311717273884e+00
9.934934934934935846e-01 4.246353718174181502e+00
9.944944944944944520e-01 4.297880864237314746e+00
9.954954954954955415e-01 4.350111805677570942e+00
9.964964964964964089e-01 4.403053599987662992e+00
9.974974974974974984e-01 4.456713304747993654e+00
9.984984984984985878e-01 4.511097975989954989e+00
9.994994994994994553e-01 4.566214666557765867e+00
