4.166666666666666435e-02 1.025641025641025640e-02
1.250000000000000000e-01 3.009654143083124664e-02
2.083333333333333148e-01 2.029041260031216876e-01
2.916666666666666297e-01 3.215976585565381574e-01
3.750000000000000000e-01 3.886597822898678056e-01
4.583333333333333148e-01 7.641808016493711886e-01
5.416666666666666297e-01 1.228093983037932713e+00
6.250000000000000000e-01 1.280731330532657752e+00
7.083333333333332593e-01 1.559377548583588124e+00
7.916666666666666297e-01 1.701627720252092413e+00
8.750000000000000000e-01 2.316619280904716582e+00
9.583333333333332593e-01 2.195854816502871287e+00
