4.166666666666666435e-02 1.497562683849278931e-01
1.250000000000000000e-01 6.488583599849799821e-01
2.083333333333333148e-01 5.005265666989585638e-01
2.916666666666666297e-01 6.404720195964646035e-01
3.750000000000000000e-01 7.398977094689956902e-01
4.583333333333333148e-01 8.092211323526464772e-01
5.416666666666666297e-01 9.890529591861966230e-01
6.250000000000000000e-01 1.008646751598804014e+00
7.083333333333332593e-01 1.469529145738698084e+00
7.916666666666666297e-01 1.308905797365873092e+00
8.750000000000000000e-01 1.607346767254316244e+00
9.583333333333332593e-01 2.127786522369136790e+00
