-3.138447916198812138e+00 1.969574737629282701e-01
-3.132158441416851069e+00 1.969936334254880905e-01
-3.125868966634889112e+00 1.970297917412529298e-01
-3.119579491852928044e+00 1.970659338717993259e-01
-3.113290017070966087e+00 1.971020364776532308e-01
-3.107000542289005018e+00 1.971380644624279865e-01
-3.100711067507043062e+00 1.971739668807628576e-01
-3.094421592725081105e+00 1.972096719578957380e-01
-3.088132117943120036e+00 1.972450812474982607e-01
-3.081842643161158080e+00 1.972800630718813675e-01
-3.075553168379197011e+00 1.973144455434625300e-01
-3.069263693597235054e+00 1.973480096472663148e-01
-3.062974218815273986e+00 1.973804830488247175e-01
-3.056684744033312029e+00 1.974115354498514885e-01
-3.050395269251350960e+00 1.974407764167951107e-01
-3.044105794469389004e+00 1.974677566405354801e-01
-3.037816319687427935e+00 1.974919735575251800e-01
-3.031526844905465978e+00 1.975128821975360716e-01
-3.025237370123504910e+00 1.975299120324597035e-01
-3.018947895341542953e+00 1.975424904449818719e-01
-3.012658420559580996e+00 1.975500731024908696e-01
-3.006368945777619928e+00 1.975521808495788734e-01
-3.000079470995657971e+00 1.975484416046249525e-01
-2.993789996213696902e+00 1.975386342218257707e-01
-2.987500521431734946e+00 1.975227296985871961e-01
-2.981211046649773877e+00 1.975009240549835121e-01
-2.974921571867811920e+00 1.974736572905459453e-01
-2.968632097085850852e+00 1.974416143063370821e-01
-2.962342622303888895e+00 1.974057062637085413e-01
-2.956053147521927826e+00 1.973670337403381492e-01
-2.949763672739965870e+00 1.973268353681107423e-01
-2.943474197958004801e+00 1.972864269184272934e-01
-2.937184723176042844e+00 1.972471361350048025e-01
-2.930895248394080888e+00 1.972102384519470453e-01
-2.924605773612119819e+00 1.971768984547417336e-01
-2.918316298830157862e+00 1.971481215545084209e-01
-2.912026824048196794e+00 1.971247195331142510e-01
-2.905737349266234837e+00 1.971072920633751002e-01
-2.899447874484273768e+00 1.970962240672477217e-01
-2.893158399702311812e+00 1.970916963765389496e-01
-2.886868924920350743e+00 1.970937053725031474e-01
-2.880579450138388786e+00 1.971020866887848999e-01
-2.874289975356427718e+00 1.971165387737707497e-01
-2.868000500574465761e+00 1.971366437445245812e-01
-2.861711025792504248e+00 1.971618848844191307e-01
-2.855421551010542736e+00 1.971916617202816857e-01
-2.849132076228580779e+00 1.972253044694807778e-01
-2.842842601446619710e+00 1.972620896943947655e-01
-2.836553126664657754e+00 1.973012584460070440e-01
-2.830263651882696685e+00 1.973420373736730904e-01
-2.823974177100734728e+00 1.973836625399209288e-01
-2.817684702318773660e+00 1.974254051404430443e-01
-2.811395227536811703e+00 1.974665979263360016e-01
-2.805105752754850634e+00 1.975066607189001344e-01
-2.798816277972888678e+00 1.975451229513196238e-01
-2.792526803190927609e+00 1.975816408078165387e-01
-2.786237328408965652e+00 1.976160065305325730e-01
-2.779947853627004140e+00 1.976481480461603213e-01
-2.773658378845042627e+00 1.976781182111435886e-01
-2.767368904063080670e+00 1.977060743920132924e-01
-2.761079429281119602e+00 1.977322503645787821e-01
-2.754789954499157645e+00 1.977569233205331845e-01
-2.748500479717196576e+00 1.977803790596174838e-01
-2.742211004935234619e+00 1.978028783854384187e-01
-2.735921530153273551e+00 1.978246275216047068e-01
-2.729632055371311594e+00 1.978457551087041411e-01
-2.723342580589350526e+00 1.978662979629417229e-01
-2.717053105807388569e+00 1.978861971533724951e-01
-2.710763631025427500e+00 1.979053050586676576e-01
-2.704474156243465544e+00 1.979234030216402429e-01
-2.698184681461504031e+00 1.979402282344624453e-01
-2.691895206679542518e+00 1.979555076986751483e-01
-2.685605731897580561e+00 1.979689965019295894e-01
-2.679316257115619493e+00 1.979805171344270198e-01
-2.673026782333657536e+00 1.979899960866232378e-01
-2.666737307551696468e+00 1.979974936566204213e-01
-2.660447832769734511e+00 1.980032230276069227e-01
-2.654158357987773442e+00 1.980075554913049707e-01
-2.647868883205811485e+00 1.980110101810499401e-01
-2.641579408423850417e+00 1.980142285140218394e-01
-2.635289933641888460e+00 1.980179352558753825e-01
-2.629000458859927392e+00 1.980228893781788013e-01
-2.622710984077965435e+00 1.980298286575451205e-01
-2.616421509296003922e+00 1.980394124814317813e-01
-2.610132034514042410e+00 1.980521677707038630e-01
-2.603842559732080453e+00 1.980684432309759158e-01
-2.597553084950119384e+00 1.980883769543586581e-01
-2.591263610168157427e+00 1.981118813326344652e-01
-2.584974135386196359e+00 1.981386472447347891e-01
-2.578684660604234402e+00 1.981681669500139076e-01
-2.572395185822273334e+00 1.981997727573264756e-01
-2.566105711040311377e+00 1.982326869516095602e-01
-2.559816236258350308e+00 1.982660778248807321e-01
-2.553526761476388351e+00 1.982991167238298824e-01
-2.547237286694427283e+00 1.983310313844370565e-01
-2.540947811912465326e+00 1.983611512479382111e-01
-2.534658337130503813e+00 1.983889410304947587e-01
-2.528368862348542301e+00 1.984140198132380295e-01
-2.522079387566580344e+00 1.984361644718334594e-01
-2.515789912784619275e+00 1.984552981895234824e-01
-2.509500438002657319e+00 1.984714666282671736e-01
-2.503210963220696250e+00 1.984848055879355477e-01
-2.496921488438734293e+00 1.984955044413172498e-01
-2.490632013656773225e+00 1.985037694095496963e-01
-2.484342538874811268e+00 1.985097901511055640e-01
-2.478053064092850200e+00 1.985137124612544046e-01
-2.471763589310888243e+00 1.985156192332014624e-01
-2.465474114528927174e+00 1.985155211808031228e-01
-2.459184639746965217e+00 1.985133580956122967e-01
-2.452895164965003705e+00 1.985090106066079996e-01
-2.446605690183042192e+00 1.985023216026333970e-01
-2.440316215401080235e+00 1.984931257349569766e-01
-2.434026740619119167e+00 1.984812847331376695e-01
-2.427737265837157210e+00 1.984667255740571457e-01
-2.421447791055196141e+00 1.984494778232520629e-01
-2.415158316273234185e+00 1.984297058620410892e-01
-2.408868841491273116e+00 1.984077315265981578e-01
-2.402579366709311159e+00 1.983840432239447060e-01
-2.396289891927350091e+00 1.983592889405406678e-01
-2.390000417145388134e+00 1.983342524634973680e-01
-2.383710942363426621e+00 1.983098141012782090e-01
-2.377421467581465109e+00 1.982868987863220245e-01
-2.371131992799503596e+00 1.982664155390788663e-01
-2.364842518017542083e+00 1.982491930540228042e-01
-2.358553043235580127e+00 1.982359168744601274e-01
-2.352263568453619058e+00 1.982270742471938796e-01
-2.345974093671657101e+00 1.982229129266943612e-01
-2.339684618889696033e+00 1.982234194185299447e-01
-2.333395144107734076e+00 1.982283201538302675e-01
-2.327105669325773007e+00 1.982371061602867246e-01
-2.320816194543811051e+00 1.982490787095543272e-01
-2.314526719761849982e+00 1.982634110020448370e-01
-2.308237244979888025e+00 1.982792196185670097e-01
-2.301947770197926513e+00 1.982956390857972262e-01
-2.295658295415965000e+00 1.983118930193383256e-01
-2.289368820634003487e+00 1.983273555851146064e-01
-2.283079345852041975e+00 1.983415974912886015e-01
-2.276789871070080018e+00 1.983544117129537321e-01
-2.270500396288118949e+00 1.983658159309531765e-01
-2.264210921506156993e+00 1.983760311308369606e-01
-2.257921446724195924e+00 1.983854384531033577e-01
-2.251631971942233967e+00 1.983945186011049355e-01
-2.245342497160272899e+00 1.984037795603287024e-01
-2.239053022378310942e+00 1.984136791446265979e-01
-2.232763547596349873e+00 1.984245492733066607e-01
-2.226474072814387917e+00 1.984365290848333352e-01
-2.220184598032426404e+00 1.984495138530199820e-01
-2.213895123250464891e+00 1.984631257977909347e-01
-2.207605648468502935e+00 1.984767110004173885e-01
-2.201316173686541866e+00 1.984893639043352476e-01
-2.195026698904579909e+00 1.984999779037864842e-01
-2.188737224122618841e+00 1.985073179720423520e-01
-2.182447749340656884e+00 1.985101094906168429e-01
-2.176158274558695815e+00 1.985071362513893545e-01
-2.169868799776733859e+00 1.984973396333323536e-01
-2.163579324994772790e+00 1.984799100684269124e-01
-2.157289850212810833e+00 1.984543614961981339e-01
-2.151000375430849765e+00 1.984205803042545790e-01
-2.144710900648887808e+00 1.983788428011549476e-01
-2.138421425866926295e+00 1.983297993606585596e-01
-2.132131951084964783e+00 1.982744279836960166e-01
-2.125842476303003270e+00 1.982139638073824039e-01
-2.119553001521041757e+00 1.981498131476933933e-01
-2.113263526739079801e+00 1.980834609569780969e-01
-2.106974051957118732e+00 1.980163797618974819e-01
-2.100684577175156775e+00 1.979499469858450045e-01
-2.094395102393195707e+00 1.978853764091925149e-01
-2.088105627611233750e+00 1.978236682198901697e-01
-2.081816152829272681e+00 1.977655802931711504e-01
-2.075526678047310725e+00 1.977116209054853302e-01
-2.069237203265349212e+00 1.976620604197336650e-01
-2.062947728483387699e+00 1.976169572920283279e-01
-2.056658253701426187e+00 1.975761926700793647e-01
-2.050368778919464674e+00 1.975395080640377221e-01
-2.044079304137503161e+00 1.975065417652006605e-01
-2.037789829355541649e+00 1.974768612951878777e-01
-2.031500354573579692e+00 1.974499906545970906e-01
-2.025210879791618623e+00 1.974254322033450471e-01
-2.018921405009656667e+00 1.974026836010841779e-01
-2.012631930227695598e+00 1.973812504898611875e-01
-2.006342455445733641e+00 1.973606556793126576e-01
-2.000052980663772573e+00 1.973404456097855031e-01
-1.993763505881810616e+00 1.973201948462341426e-01
-1.987474031099849103e+00 1.972995092610389245e-01
-1.981184556317887591e+00 1.972780283605485852e-01
-1.974895081535926078e+00 1.972554269114482894e-01
-1.968605606753964565e+00 1.972314157094198495e-01
-1.962316131972003053e+00 1.972057411258389958e-01
-1.956026657190041540e+00 1.971781830720630846e-01
-1.949737182408079805e+00 1.971485512580576638e-01
-1.943447707626118293e+00 1.971166800088599569e-01
-1.937158232844156780e+00 1.970824222817662563e-01
-1.930868758062195267e+00 1.970456437449658038e-01
-1.924579283280233755e+00 1.970062177537180159e-01
-1.918289808498272242e+00 1.969640218121864739e-01
-1.912000333716310507e+00 1.969189357371098903e-01
-1.905710858934348995e+00 1.968708413805518587e-01
-1.899421384152387482e+00 1.968196235516187775e-01
-1.893131909370425969e+00 1.967651717784975607e-01
-1.886842434588464457e+00 1.967073827639534145e-01
-1.880552959806502944e+00 1.966461637051544753e-01
-1.874263485024541431e+00 1.965814369028239805e-01
-1.867974010242579697e+00 1.965131461054135387e-01
-1.861684535460618184e+00 1.964412647223169606e-01
-1.855395060678656671e+00 1.963658054154908683e-01
-1.849105585896695159e+00 1.962868297899890979e-01
-1.842816111114733646e+00 1.962044562001732106e-01
-1.836526636332772133e+00 1.961188633456470154e-01
-1.830237161550810399e+00 1.960302875399611844e-01
-1.823947686768848886e+00 1.959390122969634496e-01
-1.817658211986887373e+00 1.958453499847377932e-01
-1.811368737204925861e+00 1.957496164275165373e-01
-1.805079262422964348e+00 1.956521002387987818e-01
-1.798789787641002835e+00 1.955530292764806888e-01
-1.792500312859041323e+00 1.954525370181804944e-01
-1.786210838077079588e+00 1.953506319776354416e-01
-1.779921363295118075e+00 1.952471735134458375e-01
-1.773631888513156563e+00 1.951418573611592711e-01
-1.767342413731195050e+00 1.950342137557205535e-01
-1.761052938949233537e+00 1.949236200457804824e-01
-1.754763464167271803e+00 1.948093283912974427e-01
-1.748473989385310290e+00 1.946905077589155819e-01
-1.742184514603348777e+00 1.945662981805361402e-01
-1.735895039821387265e+00 1.944358740941563857e-01
-1.729605565039425752e+00 1.942985123666263469e-01
-1.723316090257464239e+00 1.941536592294600405e-01
-1.717026615475502727e+00 1.940009891070757220e-01
-1.710737140693541214e+00 1.938404477985226360e-01
-1.704447665911579479e+00 1.936722733459710633e-01
-1.698158191129617967e+00 1.934969904133401475e-01
-1.691868716347656454e+00 1.933153776180784322e-01
-1.685579241565694941e+00 1.931284109738934107e-01
-1.679289766783733429e+00 1.929371893895693579e-01
-1.673000292001771694e+00 1.927428495655195140e-01
-1.666710817219810181e+00 1.925464778659865261e-01
-1.660421342437848669e+00 1.923490264049566023e-01
-1.654131867655887156e+00 1.921512400910403706e-01
-1.647842392873925643e+00 1.919536007019490009e-01
-1.641552918091964131e+00 1.917562928447776593e-01
-1.635263443310002618e+00 1.915591946267465595e-01
-1.628973968528040883e+00 1.913618931715329041e-01
-1.622684493746079371e+00 1.911637223716270428e-01
-1.616395018964117858e+00 1.909638181586038597e-01
-1.610105544182156345e+00 1.907611854527187789e-01
-1.603816069400194833e+00 1.905547706754770476e-01
-1.597526594618233320e+00 1.903435338516355491e-01
-1.591237119836271585e+00 1.901265145903522358e-01
-1.584947645054310073e+00 1.899028866960321138e-01
-1.578658170272348560e+00 1.896719971857541431e-01
-1.572368695490387047e+00 1.894333873766623211e-01
-1.566079220708425535e+00 1.891867963126427632e-01
-1.559789745926464022e+00 1.889321494823512082e-01
-1.553500271144502509e+00 1.886695376971516125e-01
-1.547210796362540774e+00 1.883991915577982179e-01
-1.540921321580579262e+00 1.881214560939606095e-01
-1.534631846798617749e+00 1.878367683701153978e-01
-1.528342372016656237e+00 1.875456388173210587e-01
-1.522052897234694724e+00 1.872486354180156465e-01
-1.515763422452733211e+00 1.869463690250751098e-01
-1.509473947670771476e+00 1.866394780888126215e-01
-1.503184472888809964e+00 1.863286116610000931e-01
-1.496894998106848451e+00 1.860144103638070312e-01
-1.490605523324886938e+00 1.856974857180176686e-01
-1.484316048542925426e+00 1.853783986678719520e-01
-1.478026573760963913e+00 1.850576383683966708e-01
-1.471737098979002401e+00 1.847356024562168131e-01
-1.465447624197040666e+00 1.844125801924084984e-01
-1.459158149415079153e+00 1.840887399949708569e-01
-1.452868674633117640e+00 1.837641228179328623e-01
-1.446579199851156128e+00 1.834386424573486718e-01
-1.440289725069194615e+00 1.831120931869421320e-01
-1.434000250287233102e+00 1.827841643221080059e-01
-1.427710775505271368e+00 1.824544606095858945e-01
-1.421421300723309855e+00 1.821225268805414244e-01
-1.415131825941348342e+00 1.817878751657460989e-01
-1.408842351159386830e+00 1.814500123308260549e-01
-1.402552876377425317e+00 1.811084661635094240e-01
-1.396263401595463804e+00 1.807628077948412459e-01
-1.389973926813502292e+00 1.804126685517356554e-01
-1.383684452031540557e+00 1.800577499938393333e-01
-1.377394977249579044e+00 1.796978269734746114e-01
-1.371105502467617532e+00 1.793327448119958478e-01
-1.364816027685656019e+00 1.789624126989383113e-01
-1.358526552903694506e+00 1.785867958395785937e-01
-1.352237078121732772e+00 1.782059085798806952e-01
-1.345947603339771259e+00 1.778198098724574072e-01
-1.339658128557809746e+00 1.774286013449704880e-01
-1.333368653775848234e+00 1.770324272739145222e-01
-1.327079178993886721e+00 1.766314752533867105e-01
-1.320789704211925208e+00 1.762259764062897027e-01
-1.314500229429963696e+00 1.758162045198940482e-01
-1.308210754648002183e+00 1.754024742185568142e-01
-1.301921279866040448e+00 1.749851388678894670e-01
-1.295631805084078936e+00 1.745645890788092014e-01
-1.289342330302117423e+00 1.741412523789873101e-01
-1.283052855520155910e+00 1.737155939693605378e-01
-1.276763380738194398e+00 1.732881177277773577e-01
-1.270473905956232663e+00 1.728593660173897151e-01
-1.264184431174271150e+00 1.724299165868330985e-01
-1.257894956392309638e+00 1.720003749674783033e-01
-1.251605481610348125e+00 1.715713612027128243e-01
-1.245316006828386612e+00 1.711434903324397516e-01
-1.239026532046425100e+00 1.707173466751485125e-01
-1.232737057264463587e+00 1.702934525819264633e-01
-1.226447582482501852e+00 1.698722330711629203e-01
-1.220158107700540340e+00 1.694539786790396629e-01
-1.213868632918578827e+00 1.690388099174568448e-01
-1.207579158136617314e+00 1.686266476231580436e-01
-1.201289683354655802e+00 1.682171937648754834e-01
-1.195000208572694289e+00 1.678099265963675091e-01
-1.188710733790732554e+00 1.674041124012669024e-01
-1.182421259008771042e+00 1.669988338963817043e-01
-1.176131784226809529e+00 1.665930332860390828e-01
-1.169842309444848016e+00 1.661855664805796384e-01
-1.163552834662886504e+00 1.657752641888006750e-01
-1.157263359880924991e+00 1.653609951965675784e-01
-1.150973885098963478e+00 1.649417268447788132e-01
-1.144684410317001744e+00 1.645165774987162877e-01
-1.138394935535040231e+00 1.640848559988662692e-01
-1.132105460753078718e+00 1.636460841561424018e-01
-1.125815985971117206e+00 1.632000004671013138e-01
-1.119526511189155693e+00 1.627465459978989226e-01
-1.113237036407194180e+00 1.622858360112396370e-01
-1.106947561625232668e+00 1.618181225755689068e-01
-1.100658086843271155e+00 1.613437537094168095e-01
-1.094368612061309642e+00 1.608631337486066681e-01
-1.088079137279347908e+00 1.603766881283257839e-01
-1.081789662497386173e+00 1.598848342418783819e-01
-1.075500187715424660e+00 1.593879588681486603e-01
-1.069210712933463148e+00 1.588864019716350329e-01
-1.062921238151501635e+00 1.583804463871565371e-01
-1.056631763369540122e+00 1.578703128335018080e-01
-1.050342288587578610e+00 1.573561596950379116e-01
-1.044052813805617097e+00 1.568380869643878905e-01
-1.037763339023655584e+00 1.563161436096933976e-01
-1.031473864241694072e+00 1.557903374191521306e-01
-1.025184389459732559e+00 1.552606461253691894e-01
-1.018894914677771046e+00 1.547270284079773905e-01
-1.012605439895809534e+00 1.541894333347019197e-01
-1.006315965113847799e+00 1.536478070374927007e-01
-1.000026490331886064e+00 1.531020959585009111e-01
-9.937370155499245516e-01 1.525522467364460455e-01
-9.874475407679630390e-01 1.519982035242616047e-01
-9.811580659860015263e-01 1.514399040045435740e-01
-9.748685912040400137e-01 1.508772754612103528e-01
-9.685791164220785010e-01 1.503102319792114783e-01
-9.622896416401169883e-01 1.497386733121019720e-01
-9.560001668581554757e-01 1.491624853806968742e-01
-9.497106920761939630e-01 1.485815419474654231e-01
-9.434212172942324504e-01 1.479957068946888554e-01
-9.371317425122709377e-01 1.474048367537401372e-01
-9.308422677303092030e-01 1.468087835857765366e-01
-9.245527929483474683e-01 1.462073987860164626e-01
-9.182633181663859556e-01 1.456005386260560697e-01
-9.119738433844244430e-01 1.449880721791443894e-01
-9.056843686024629303e-01 1.443698916523681319e-01
-8.993948938205014176e-01 1.437459242089563771e-01
-8.931054190385399050e-01 1.431161433852884135e-01
-8.868159442565783923e-01 1.424805775503352190e-01
-8.805264694746168797e-01 1.418393128302688211e-01
-8.742369946926553670e-01 1.411924886376523802e-01
-8.679475199106938543e-01 1.405402852236405375e-01
-8.616580451287323417e-01 1.398829041027613573e-01
-8.553685703467708290e-01 1.392205433409141324e-01
-8.490790955648090943e-01 1.385533702894129748e-01
-8.427896207828473596e-01 1.378814944036931833e-01
-8.365001460008858469e-01 1.372049425060195282e-01
-8.302106712189243343e-01 1.365236384616141663e-01
-8.239211964369628216e-01 1.358373888619518743e-01
-8.176317216550013089e-01 1.351458759592613912e-01
-8.113422468730397963e-01 1.344486587378873332e-01
-8.050527720910782836e-01 1.337451826268667709e-01
-7.987632973091167710e-01 1.330347979641997025e-01
-7.924738225271552583e-01 1.323167868977359329e-01
-7.861843477451937456e-01 1.315903978561527299e-01
-7.798948729632322330e-01 1.308548859122990460e-01
-7.736053981812707203e-01 1.301095562463313038e-01
-7.673159233993089856e-01 1.293538066931178288e-01
-7.610264486173472509e-01 1.285871645021220422e-01
-7.547369738353857382e-01 1.278093125343409409e-01
-7.484474990534242256e-01 1.270201015261107347e-01
-7.421580242714627129e-01 1.262195475790928723e-01
-7.358685494895012003e-01 1.254078169335396120e-01
-7.295790747075396876e-01 1.245852023514556484e-01
-7.232895999255781749e-01 1.237520963353760106e-01
-7.170001251436166623e-01 1.229089657829953303e-01
-7.107106503616551496e-01 1.220563309530851570e-01
-7.044211755796936369e-01 1.211947495270602471e-01
-6.981317007977321243e-01 1.203248048076252658e-01
-6.918422260157706116e-01 1.194470961657854158e-01
-6.855527512338088769e-01 1.185622298446400852e-01
-6.792632764518471422e-01 1.176708089349668834e-01
-6.729738016698856296e-01 1.167734223273722699e-01
-6.666843268879241169e-01 1.158706332800603228e-01
-6.603948521059626042e-01 1.149629686515364763e-01
-6.541053773240010916e-01 1.140509098110516206e-01
-6.478159025420395789e-01 1.131348859205400931e-01
-6.415264277600780662e-01 1.122152698998005044e-01
-6.352369529781165536e-01 1.112923771023316549e-01
-6.289474781961550409e-01 1.103664665991529875e-01
-6.226580034141935283e-01 1.094377449625284493e-01
-6.163685286322320156e-01 1.085063724898418791e-01
-6.100790538502705029e-01 1.075724718365418942e-01
-6.037895790683087682e-01 1.066361389793116371e-01
-5.975001042863470335e-01 1.056974562699351944e-01
-5.912106295043855209e-01 1.047565070529704323e-01
-5.849211547224240082e-01 1.038133909280567202e-01
-5.786316799404624955e-01 1.028682383170954201e-01
-5.723422051585009829e-01 1.019212226826664014e-01
-5.660527303765394702e-01 1.009725686929883737e-01
-5.597632555945779576e-01 1.000225549397122521e-01
-5.534737808126164449e-01 9.907151045579622173e-02
-5.471843060306549322e-01 9.811980508095574649e-02
-5.408948312486934196e-01 9.716783445740084790e-02
-5.346053564667319069e-01 9.621600095724501533e-02
-5.283158816847703942e-01 9.526469213960515880e-02
-5.220264069028086595e-01 9.431425851340455302e-02
-5.157369321208469248e-01 9.336499253604783888e-02
-5.094474573388854122e-01 9.241711088977631883e-02
-5.031579825569238995e-01 9.147074200629994045e-02
-4.968685077749623868e-01 9.052592039694384862e-02
-4.905790329930008742e-01 8.958258855452755354e-02
-4.842895582110393615e-01 8.864060618400770863e-02
-4.780000834290778489e-01 8.769976558008035772e-02
-4.717106086471163362e-01 8.675981135703683678e-02
-4.654211338651548235e-01 8.582046253532951696e-02
-4.591316590831933109e-01 8.488143510353919619e-02
-4.528421843012317982e-01 8.394246342855869736e-02
-4.465527095192700635e-01 8.300331915954567430e-02
-4.402632347373083288e-01 8.206382655782591684e-02
-4.339737599553468161e-01 8.112387355680618362e-02
-4.276842851733853035e-01 8.018341836011735890e-02
-4.213948103914237908e-01 7.924249196793066441e-02
-4.151053356094622782e-01 7.830119753051933973e-02
-4.088158608275007655e-01 7.735970770314598566e-02
-4.025263860455392528e-01 7.641826114002368830e-02
-3.962369112635777402e-01 7.547715896424643522e-02
-3.899474364816162275e-01 7.453676162161761154e-02
-3.836579616996547148e-01 7.359748612083082120e-02
-3.773684869176932022e-01 7.265980338048949605e-02
-3.710790121357316895e-01 7.172423526481433442e-02
-3.647895373537699548e-01 7.079135084937630829e-02
-3.585000625718082201e-01 6.986176145319909769e-02
-3.522105877898467075e-01 6.893611397910515137e-02
-3.459211130078851948e-01 6.801508216405058316e-02
-3.396316382259236821e-01 6.709935555159048104e-02
-3.333421634439621695e-01 6.618962644292968045e-02
-3.270526886620006568e-01 6.528657574492337246e-02
-3.207632138800391441e-01 6.439085933749698343e-02
-3.144737390980776315e-01 6.350309701752397673e-02
-3.081842643161161188e-01 6.262386592346391723e-02
-3.018947895341546062e-01 6.175369947362570333e-02
-2.956053147521930935e-01 6.089309145287825215e-02
-2.893158399702315808e-01 6.004250344108226500e-02
-2.830263651882698461e-01 5.920237285733791904e-02
-2.767368904063081114e-01 5.837311888476685168e-02
-2.704474156243465988e-01 5.755514448581172671e-02
-2.641579408423850861e-01 5.674883431299324738e-02
-2.578684660604235734e-01 5.595455001941276180e-02
-2.515789912784620608e-01 5.517262566127802831e-02
-2.452895164965005481e-01 5.440336608057624868e-02
-2.390000417145390355e-01 5.364705022002290435e-02
-2.327105669325775228e-01 5.290393956667412828e-02
-2.264210921506160101e-01 5.217429001925506099e-02
-2.201316173686544975e-01 5.145836417855130518e-02
-2.138421425866929848e-01 5.075644087051134346e-02
-2.075526678047314721e-01 5.006881968868609478e-02
-2.012631930227697374e-01 4.939582012200628702e-02
-1.949737182408080027e-01 4.873777677877626918e-02
-1.886842434588464901e-01 4.809503362187581010e-02
-1.823947686768849774e-01 4.746794043986073824e-02
-1.761052938949234647e-01 4.685685381091273666e-02
-1.698158191129619521e-01 4.626214288659506735e-02
-1.635263443310004394e-01 4.568419816565201519e-02
-1.572368695490389268e-01 4.512343990432478302e-02
-1.509473947670774141e-01 4.458032253587850685e-02
-1.446579199851159014e-01 4.405533258393991985e-02
-1.383684452031543888e-01 4.354897968206199177e-02
-1.320789704211928761e-01 4.306178271841232252e-02
-1.257894956392311414e-01 4.259425492574181460e-02
-1.195000208572694067e-01 4.214689218171938784e-02
-1.132105460753078940e-01 4.172016756482326005e-02
-1.069210712933463814e-01 4.131453267520304728e-02
-1.006315965113848687e-01 4.093042332769199904e-02
-9.434212172942335606e-02 4.056826513009097884e-02
-8.805264694746184340e-02 4.022847406425145850e-02
-8.176317216550033073e-02 3.991144873347572675e-02
-7.547369738353881807e-02 3.961755395472943420e-02
-6.918422260157730541e-02 3.934709884508002381e-02
-6.289474781961579275e-02 3.910031523515489910e-02
-5.660527303765428009e-02 3.887734306177080545e-02
-5.031579825569276743e-02 3.867822787325418676e-02
-4.402632347373103272e-02 3.850293215136869202e-02
-3.773684869176929801e-02 3.835135805941009696e-02
-3.144737390980778535e-02 3.822337600886555747e-02
-2.515789912784627269e-02 3.811885223770592607e-02
-1.886842434588476003e-02 3.803766969346959043e-02
-1.257894956392324737e-02 3.797973933042204236e-02
-6.289474781961734706e-03 3.794500234692437662e-02
-2.220446049250313081e-16 3.793342668586138083e-02
6.289474781961290617e-03 3.794500234692437662e-02
1.257894956392280328e-02 3.797973933042202849e-02
1.886842434588431594e-02 3.803766969346956267e-02
2.515789912784582860e-02 3.811885223770592607e-02
3.144737390980734126e-02 3.822337600886552278e-02
3.773684869176907597e-02 3.835135805941007614e-02
4.402632347373081068e-02 3.850293215136867120e-02
5.031579825569232334e-02 3.867822787325416595e-02
5.660527303765383600e-02 3.887734306177077770e-02
6.289474781961534866e-02 3.910031523515488522e-02
6.918422260157686132e-02 3.934709884508000299e-02
7.547369738353837398e-02 3.961755395472940644e-02
8.176317216549988665e-02 3.991144873347569205e-02
8.805264694746139931e-02 4.022847406425141686e-02
9.434212172942291197e-02 4.056826513009095803e-02
1.006315965113844246e-01 4.093042332769197822e-02
1.069210712933459373e-01 4.131453267520302647e-02
1.132105460753074500e-01 4.172016756482325311e-02
1.195000208572691847e-01 4.214689218171940172e-02
1.257894956392309194e-01 4.259425492574183542e-02
1.320789704211924320e-01 4.306178271841235028e-02
1.383684452031539447e-01 4.354897968206202646e-02
1.446579199851154574e-01 4.405533258393994761e-02
1.509473947670769700e-01 4.458032253587854155e-02
1.572368695490384827e-01 4.512343990432483160e-02
1.635263443309999953e-01 4.568419816565204294e-02
1.698158191129615080e-01 4.626214288659509510e-02
1.761052938949230207e-01 4.685685381091277135e-02
1.823947686768845333e-01 4.746794043986077294e-02
1.886842434588460460e-01 4.809503362187583092e-02
1.949737182408075586e-01 4.873777677877627612e-02
2.012631930227692933e-01 4.939582012200630784e-02
2.075526678047310281e-01 5.006881968868606703e-02
2.138421425866925407e-01 5.075644087051129488e-02
2.201316173686540534e-01 5.145836417855125661e-02
2.264210921506155660e-01 5.217429001925497078e-02
2.327105669325770787e-01 5.290393956667403808e-02
2.390000417145385914e-01 5.364705022002280027e-02
2.452895164965001040e-01 5.440336608057610296e-02
2.515789912784616167e-01 5.517262566127793116e-02
2.578684660604231293e-01 5.595455001941265077e-02
2.641579408423846420e-01 5.674883431299312941e-02
2.704474156243461547e-01 5.755514448581162956e-02
2.767368904063076673e-01 5.837311888476676147e-02
2.830263651882694020e-01 5.920237285733786353e-02
2.893158399702311367e-01 6.004250344108215398e-02
2.956053147521926494e-01 6.089309145287819663e-02
3.018947895341541621e-01 6.175369947362564782e-02
3.081842643161156747e-01 6.262386592346387559e-02
3.144737390980771874e-01 6.350309701752390734e-02
3.207632138800387001e-01 6.439085933749691404e-02
3.270526886620002127e-01 6.528657574492330307e-02
3.333421634439617254e-01 6.618962644292959718e-02
3.396316382259232380e-01 6.709935555159039777e-02
3.459211130078847507e-01 6.801508216405048601e-02
3.522105877898462634e-01 6.893611397910504035e-02
3.585000625718079981e-01 6.986176145319901443e-02
3.647895373537697328e-01 7.079135084937619726e-02
3.710790121357312454e-01 7.172423526481418177e-02
3.773684869176927581e-01 7.265980338048935727e-02
3.836579616996542708e-01 7.359748612083066854e-02
3.899474364816157834e-01 7.453676162161745888e-02
3.962369112635772961e-01 7.547715896424632420e-02
4.025263860455388087e-01 7.641826114002359116e-02
4.088158608275003214e-01 7.735970770314588851e-02
4.151053356094618341e-01 7.830119753051928422e-02
4.213948103914233467e-01 7.924249196793062278e-02
4.276842851733848594e-01 8.018341836011735890e-02
4.339737599553463721e-01 8.112387355680614198e-02
4.402632347373081068e-01 8.206382655782593072e-02
4.465527095192698415e-01 8.300331915954566042e-02
4.528421843012313541e-01 8.394246342855865572e-02
4.591316590831928668e-01 8.488143510353911292e-02
4.654211338651543794e-01 8.582046253532943370e-02
4.717106086471158921e-01 8.675981135703673963e-02
4.780000834290774048e-01 8.769976558008023282e-02
4.842895582110389174e-01 8.864060618400761149e-02
4.905790329930004301e-01 8.958258855452738700e-02
4.968685077749619428e-01 9.052592039694369597e-02
5.031579825569234554e-01 9.147074200629980167e-02
5.094474573388849681e-01 9.241711088977615229e-02
5.157369321208464807e-01 9.336499253604768622e-02
5.220264069028082154e-01 9.431425851340437261e-02
5.283158816847699502e-01 9.526469213960503390e-02
5.346053564667314628e-01 9.621600095724490431e-02
5.408948312486929755e-01 9.716783445740075076e-02
5.471843060306544881e-01 9.811980508095567710e-02
5.534737808126160008e-01 9.907151045579620785e-02
5.597632555945775135e-01 1.000225549397121827e-01
5.660527303765390261e-01 1.009725686929883598e-01
5.723422051585005388e-01 1.019212226826663598e-01
5.786316799404620514e-01 1.028682383170953646e-01
5.849211547224235641e-01 1.038133909280566786e-01
5.912106295043850768e-01 1.047565070529703907e-01
5.975001042863465894e-01 1.056974562699351666e-01
6.037895790683083241e-01 1.066361389793114706e-01
6.100790538502700588e-01 1.075724718365417137e-01
6.163685286322315715e-01 1.085063724898417542e-01
6.226580034141930842e-01 1.094377449625283383e-01
6.289474781961545968e-01 1.103664665991528210e-01
6.352369529781161095e-01 1.112923771023314745e-01
6.415264277600776222e-01 1.122152698998003795e-01
6.478159025420391348e-01 1.131348859205399404e-01
6.541053773240006475e-01 1.140509098110515096e-01
6.603948521059621601e-01 1.149629686515363514e-01
6.666843268879236728e-01 1.158706332800601702e-01
6.729738016698851855e-01 1.167734223273722005e-01
6.792632764518469202e-01 1.176708089349668834e-01
6.855527512338086549e-01 1.185622298446401129e-01
6.918422260157701675e-01 1.194470961657853464e-01
6.981317007977316802e-01 1.203248048076252935e-01
7.044211755796931929e-01 1.211947495270602193e-01
7.107106503616547055e-01 1.220563309530851154e-01
7.170001251436162182e-01 1.229089657829952470e-01
7.232895999255777308e-01 1.237520963353759135e-01
7.295790747075392435e-01 1.245852023514555929e-01
7.358685494895007562e-01 1.254078169335394455e-01
7.421580242714622688e-01 1.262195475790927057e-01
7.484474990534237815e-01 1.270201015261106237e-01
7.547369738353852942e-01 1.278093125343407743e-01
7.610264486173470289e-01 1.285871645021219034e-01
7.673159233993087636e-01 1.293538066931177177e-01
7.736053981812702762e-01 1.301095562463311373e-01
7.798948729632317889e-01 1.308548859122989350e-01
7.861843477451933015e-01 1.315903978561526744e-01
7.924738225271548142e-01 1.323167868977357942e-01
7.987632973091163269e-01 1.330347979641997025e-01
8.050527720910778395e-01 1.337451826268667709e-01
8.113422468730393522e-01 1.344486587378873610e-01
8.176317216550008649e-01 1.351458759592614189e-01
8.239211964369623775e-01 1.358373888619519021e-01
8.302106712189238902e-01 1.365236384616141940e-01
8.365001460008854028e-01 1.372049425060195005e-01
8.427896207828471375e-01 1.378814944036931833e-01
8.490790955648088723e-01 1.385533702894129193e-01
8.553685703467703849e-01 1.392205433409140769e-01
8.616580451287316755e-01 1.398829041027612186e-01
8.679475199106931882e-01 1.405402852236403710e-01
8.742369946926547009e-01 1.411924886376522414e-01
8.805264694746162135e-01 1.418393128302686546e-01
8.868159442565781703e-01 1.424805775503350247e-01
8.931054190385396829e-01 1.431161433852882192e-01
8.993948938205011956e-01 1.437459242089562383e-01
9.056843686024627083e-01 1.443698916523680209e-01
9.119738433844242209e-01 1.449880721791442229e-01
9.182633181663857336e-01 1.456005386260559031e-01
9.245527929483472462e-01 1.462073987860163515e-01
9.308422677303087589e-01 1.468087835857764256e-01
9.371317425122702716e-01 1.474048367537400539e-01
9.434212172942317842e-01 1.479957068946886889e-01
9.497106920761932969e-01 1.485815419474652288e-01
9.560001668581548095e-01 1.491624853806965967e-01
9.622896416401163222e-01 1.497386733121016944e-01
9.685791164220782790e-01 1.503102319792112285e-01
9.748685912040397916e-01 1.508772754612099087e-01
9.811580659860013043e-01 1.514399040045431577e-01
9.874475407679628169e-01 1.519982035242610496e-01
9.937370155499243296e-01 1.525522467364454626e-01
1.000026490331885842e+00 1.531020959585002172e-01
1.006315965113847355e+00 1.536478070374920346e-01
1.012605439895808868e+00 1.541894333347011981e-01
1.018894914677770380e+00 1.547270284079766689e-01
1.025184389459731893e+00 1.552606461253684400e-01
1.031473864241693406e+00 1.557903374191515478e-01
1.037763339023654918e+00 1.563161436096928703e-01
1.044052813805616431e+00 1.568380869643875297e-01
1.050342288587578388e+00 1.573561596950376340e-01
1.056631763369539900e+00 1.578703128335015582e-01
1.062921238151501413e+00 1.583804463871563983e-01
1.069210712933462926e+00 1.588864019716350884e-01
1.075500187715424438e+00 1.593879588681487713e-01
1.081789662497385951e+00 1.598848342418786039e-01
1.088079137279347464e+00 1.603766881283260615e-01
1.094368612061308976e+00 1.608631337486070012e-01
1.100658086843270489e+00 1.613437537094172258e-01
1.106947561625232002e+00 1.618181225755692954e-01
1.113237036407193514e+00 1.622858360112401088e-01
1.119526511189155027e+00 1.627465459978994222e-01
1.125815985971116540e+00 1.632000004671019522e-01
1.132105460753078496e+00 1.636460841561429569e-01
1.138394935535040009e+00 1.640848559988668243e-01
1.144684410317001522e+00 1.645165774987167595e-01
1.150973885098963034e+00 1.649417268447793405e-01
1.157263359880924547e+00 1.653609951965679670e-01
1.163552834662886060e+00 1.657752641888011746e-01
1.169842309444847572e+00 1.661855664805799992e-01
1.176131784226809085e+00 1.665930332860393603e-01
1.182421259008770598e+00 1.669988338963820096e-01
1.188710733790732110e+00 1.674041124012671244e-01
1.195000208572693623e+00 1.678099265963676479e-01
1.201289683354655136e+00 1.682171937648755666e-01
1.207579158136616648e+00 1.686266476231580158e-01
1.213868632918578605e+00 1.690388099174567338e-01
1.220158107700540118e+00 1.694539786790395242e-01
1.226447582482501630e+00 1.698722330711626705e-01
1.232737057264463143e+00 1.702934525819261025e-01
1.239026532046424656e+00 1.707173466751480129e-01
1.245316006828386168e+00 1.711434903324392243e-01
1.251605481610347681e+00 1.715713612027122414e-01
1.257894956392309194e+00 1.720003749674776927e-01
1.264184431174270706e+00 1.724299165868323769e-01
1.270473905956232219e+00 1.728593660173891600e-01
1.276763380738193732e+00 1.732881177277767193e-01
1.283052855520155688e+00 1.737155939693598716e-01
1.289342330302117201e+00 1.741412523789868105e-01
1.295631805084078714e+00 1.745645890788087851e-01
1.301921279866040226e+00 1.749851388678890785e-01
1.308210754648001739e+00 1.754024742185564534e-01
1.314500229429963252e+00 1.758162045198937984e-01
1.320789704211924764e+00 1.762259764062894807e-01
1.327079178993886277e+00 1.766314752533866550e-01
1.333368653775847790e+00 1.770324272739145777e-01
1.339658128557809302e+00 1.774286013449705712e-01
1.345947603339770815e+00 1.778198098724575738e-01
1.352237078121732328e+00 1.782059085798808340e-01
1.358526552903693840e+00 1.785867958395788713e-01
1.364816027685655797e+00 1.789624126989387554e-01
1.371105502467617310e+00 1.793327448119963474e-01
1.377394977249578822e+00 1.796978269734750833e-01
1.383684452031540335e+00 1.800577499938397774e-01
1.389973926813501848e+00 1.804126685517360995e-01
1.396263401595463360e+00 1.807628077948417178e-01
1.402552876377424873e+00 1.811084661635098125e-01
1.408842351159386386e+00 1.814500123308265822e-01
1.415131825941347898e+00 1.817878751657464598e-01
1.421421300723309411e+00 1.821225268805419795e-01
1.427710775505270924e+00 1.824544606095863108e-01
1.434000250287232436e+00 1.827841643221083112e-01
1.440289725069193949e+00 1.831120931869424651e-01
1.446579199851155906e+00 1.834386424573489216e-01
1.452868674633117418e+00 1.837641228179330288e-01
1.459158149415078931e+00 1.840887399949709957e-01
1.465447624197040444e+00 1.844125801924083596e-01
1.471737098979001956e+00 1.847356024562167576e-01
1.478026573760963469e+00 1.850576383683963655e-01
1.484316048542924982e+00 1.853783986678715356e-01
1.490605523324886494e+00 1.856974857180171967e-01
1.496894998106848007e+00 1.860144103638064206e-01
1.503184472888809520e+00 1.863286116609994547e-01
1.509473947670771032e+00 1.866394780888119553e-01
1.515763422452732545e+00 1.869463690250743604e-01
1.522052897234694058e+00 1.872486354180149526e-01
1.528342372016656014e+00 1.875456388173203648e-01
1.534631846798617527e+00 1.878367683701146762e-01
1.540921321580579040e+00 1.881214560939599156e-01
1.547210796362540552e+00 1.883991915577976628e-01
1.553500271144502065e+00 1.886695376971511962e-01
1.559789745926463578e+00 1.889321494823508751e-01
1.566079220708425090e+00 1.891867963126425134e-01
1.572368695490386603e+00 1.894333873766622101e-01
1.578658170272348116e+00 1.896719971857541709e-01
1.584947645054309628e+00 1.899028866960322803e-01
1.591237119836271141e+00 1.901265145903526244e-01
1.597526594618232654e+00 1.903435338516359099e-01
1.603816069400194166e+00 1.905547706754775195e-01
1.610105544182156123e+00 1.907611854527194173e-01
1.616395018964117636e+00 1.909638181586045258e-01
1.622684493746079148e+00 1.911637223716277645e-01
1.628973968528040661e+00 1.913618931715337645e-01
1.635263443310002174e+00 1.915591946267474477e-01
1.641552918091963686e+00 1.917562928447785198e-01
1.647842392873925199e+00 1.919536007019498891e-01
1.654131867655886712e+00 1.921512400910412033e-01
1.660421342437848224e+00 1.923490264049574350e-01
1.666710817219809737e+00 1.925464778659874143e-01
1.673000292001771250e+00 1.927428495655203189e-01
1.679289766783732762e+00 1.929371893895700796e-01
1.685579241565694275e+00 1.931284109738940491e-01
1.691868716347656232e+00 1.933153776180790151e-01
1.698158191129617745e+00 1.934969904133406193e-01
1.704447665911579257e+00 1.936722733459714241e-01
1.710737140693540770e+00 1.938404477985228302e-01
1.717026615475502282e+00 1.940009891070758330e-01
1.723316090257463795e+00 1.941536592294599850e-01
1.729605565039425308e+00 1.942985123666261804e-01
1.735895039821386820e+00 1.944358740941561359e-01
1.742184514603348333e+00 1.945662981805358627e-01
1.748473989385309846e+00 1.946905077589153044e-01
1.754763464167271358e+00 1.948093283912969154e-01
1.761052938949232871e+00 1.949236200457798440e-01
1.767342413731194384e+00 1.950342137557198596e-01
1.773631888513156341e+00 1.951418573611585772e-01
1.779921363295117853e+00 1.952471735134451436e-01
1.786210838077079366e+00 1.953506319776347477e-01
1.792500312859040879e+00 1.954525370181798838e-01
1.798789787641002391e+00 1.955530292764801337e-01
1.805079262422963904e+00 1.956521002387982267e-01
1.811368737204925417e+00 1.957496164275160100e-01
1.817658211986886929e+00 1.958453499847374324e-01
1.823947686768848442e+00 1.959390122969631443e-01
1.830237161550809954e+00 1.960302875399610179e-01
1.836526636332771467e+00 1.961188633456469876e-01
1.842816111114732980e+00 1.962044562001732384e-01
1.849105585896694492e+00 1.962868297899892089e-01
1.855395060678656449e+00 1.963658054154910626e-01
1.861684535460617962e+00 1.964412647223171549e-01
1.867974010242579475e+00 1.965131461054137607e-01
1.874263485024540987e+00 1.965814369028241193e-01
1.880552959806502500e+00 1.966461637051545586e-01
1.886842434588464013e+00 1.967073827639535255e-01
1.893131909370425525e+00 1.967651717784976440e-01
1.899421384152387038e+00 1.968196235516186665e-01
1.905710858934348551e+00 1.968708413805518309e-01
1.912000333716310063e+00 1.969189357371098348e-01
1.918289808498271576e+00 1.969640218121862518e-01
1.924579283280233089e+00 1.970062177537176273e-01
1.930868758062194601e+00 1.970456437449654152e-01
1.937158232844156558e+00 1.970824222817657845e-01
1.943447707626118071e+00 1.971166800088593463e-01
1.949737182408079583e+00 1.971485512580570532e-01
1.956026657190041096e+00 1.971781830720624462e-01
1.962316131972002609e+00 1.972057411258382742e-01
1.968605606753964121e+00 1.972314157094190445e-01
1.974895081535925634e+00 1.972554269114476233e-01
1.981184556317887147e+00 1.972780283605479190e-01
1.987474031099848659e+00 1.972995092610383971e-01
1.993763505881810172e+00 1.973201948462336708e-01
2.000052980663771685e+00 1.973404456097850868e-01
2.006342455445733197e+00 1.973606556793124633e-01
2.012631930227694710e+00 1.973812504898610209e-01
2.018921405009656667e+00 1.974026836010841501e-01
2.025210879791618179e+00 1.974254322033451026e-01
2.031500354573579692e+00 1.974499906545972294e-01
2.037789829355541205e+00 1.974768612951882107e-01
2.044079304137502717e+00 1.975065417652010769e-01
2.050368778919464230e+00 1.975395080640382495e-01
2.056658253701425743e+00 1.975761926700799476e-01
2.062947728483387255e+00 1.976169572920290773e-01
2.069237203265348768e+00 1.976620604197345810e-01
2.075526678047310281e+00 1.977116209054861073e-01
2.081816152829271793e+00 1.977655802931718720e-01
2.088105627611233306e+00 1.978236682198910024e-01
2.094395102393194819e+00 1.978853764091932921e-01
2.100684577175156775e+00 1.979499469858457539e-01
2.106974051957118288e+00 1.980163797618981203e-01
2.113263526739079801e+00 1.980834609569787907e-01
2.119553001521041313e+00 1.981498131476938929e-01
2.125842476303002826e+00 1.982139638073827925e-01
2.132131951084964339e+00 1.982744279836962387e-01
2.138421425866925851e+00 1.983297993606587817e-01
2.144710900648887364e+00 1.983788428011550031e-01
2.151000375430848877e+00 1.984205803042544403e-01
2.157289850212810389e+00 1.984543614961979396e-01
2.163579324994771902e+00 1.984799100684264961e-01
2.169868799776733859e+00 1.984973396333318818e-01
2.176158274558695371e+00 1.985071362513887161e-01
2.182447749340656884e+00 1.985101094906161767e-01
2.188737224122618397e+00 1.985073179720415470e-01
2.195026698904579909e+00 1.984999779037855128e-01
2.201316173686541422e+00 1.984893639043341929e-01
2.207605648468502935e+00 1.984767110004163615e-01
2.213895123250464447e+00 1.984631257977898522e-01
2.220184598032425960e+00 1.984495138530189551e-01
2.226474072814387473e+00 1.984365290848323915e-01
2.232763547596348985e+00 1.984245492733058280e-01
2.239053022378310498e+00 1.984136791446258485e-01
2.245342497160272011e+00 1.984037795603280363e-01
2.251631971942233967e+00 1.983945186011044359e-01
2.257921446724195480e+00 1.983854384531030246e-01
2.264210921506156993e+00 1.983760311308367941e-01
2.270500396288118505e+00 1.983658159309531488e-01
2.276789871070080018e+00 1.983544117129539264e-01
2.283079345852041531e+00 1.983415974912889623e-01
2.289368820634003043e+00 1.983273555851152448e-01
2.295658295415964556e+00 1.983118930193388807e-01
2.301947770197926069e+00 1.982956390857979478e-01
2.308237244979887581e+00 1.982792196185678701e-01
2.314526719761849094e+00 1.982634110020457530e-01
2.320816194543810607e+00 1.982490787095552709e-01
2.327105669325772119e+00 1.982371061602876683e-01
2.333395144107734076e+00 1.982283201538312667e-01
2.339684618889695589e+00 1.982234194185307496e-01
2.345974093671657101e+00 1.982229129266953327e-01
2.352263568453618614e+00 1.982270742471947123e-01
2.358553043235580127e+00 1.982359168744609879e-01
2.364842518017541639e+00 1.982491930540235536e-01
2.371131992799503152e+00 1.982664155390795602e-01
2.377421467581464665e+00 1.982868987863225518e-01
2.383710942363426177e+00 1.983098141012787363e-01
2.390000417145387690e+00 1.983342524634977566e-01
2.396289891927349203e+00 1.983592889405409454e-01
2.402579366709310715e+00 1.983840432239448726e-01
2.408868841491272228e+00 1.984077315265982411e-01
2.415158316273234185e+00 1.984297058620410614e-01
2.421447791055195697e+00 1.984494778232519518e-01
2.427737265837157210e+00 1.984667255740568681e-01
2.434026740619118723e+00 1.984812847331373642e-01
2.440316215401080235e+00 1.984931257349566991e-01
2.446605690183041748e+00 1.985023216026328974e-01
2.452895164965003261e+00 1.985090106066074167e-01
2.459184639746964773e+00 1.985133580956116583e-01
2.465474114528926286e+00 1.985155211808024289e-01
2.471763589310887799e+00 1.985156192332008518e-01
2.478053064092849311e+00 1.985137124612537385e-01
2.484342538874810824e+00 1.985097901511049534e-01
2.490632013656772337e+00 1.985037694095491134e-01
2.496921488438734293e+00 1.984955044413167224e-01
2.503210963220695806e+00 1.984848055879349094e-01
2.509500438002657319e+00 1.984714666282667850e-01
2.515789912784618831e+00 1.984552981895231494e-01
2.522079387566580344e+00 1.984361644718332096e-01
2.528368862348541857e+00 1.984140198132378630e-01
2.534658337130503369e+00 1.983889410304946754e-01
2.540947811912464882e+00 1.983611512479382943e-01
2.547237286694426395e+00 1.983310313844372785e-01
2.553526761476387907e+00 1.982991167238300489e-01
2.559816236258349420e+00 1.982660778248810096e-01
2.566105711040310933e+00 1.982326869516099210e-01
2.572395185822272445e+00 1.981997727573269474e-01
2.578684660604234402e+00 1.981681669500144072e-01
2.584974135386195915e+00 1.981386472447352887e-01
2.591263610168157427e+00 1.981118813326351036e-01
2.597553084950118940e+00 1.980883769543593242e-01
2.603842559732080453e+00 1.980684432309765264e-01
2.610132034514041965e+00 1.980521677707044736e-01
2.616421509296003478e+00 1.980394124814323920e-01
2.622710984077964991e+00 1.980298286575457589e-01
2.629000458859926503e+00 1.980228893781793842e-01
2.635289933641888016e+00 1.980179352558758543e-01
2.641579408423849529e+00 1.980142285140221448e-01
2.647868883205811041e+00 1.980110101810502177e-01
2.654158357987772554e+00 1.980075554913051095e-01
2.660447832769734511e+00 1.980032230276070060e-01
2.666737307551696023e+00 1.979974936566203936e-01
2.673026782333657536e+00 1.979899960866230990e-01
2.679316257115619049e+00 1.979805171344268810e-01
2.685605731897580561e+00 1.979689965019294506e-01
2.691895206679542074e+00 1.979555076986747042e-01
2.698184681461503587e+00 1.979402282344620290e-01
2.704474156243465099e+00 1.979234030216397433e-01
2.710763631025426612e+00 1.979053050586672136e-01
2.717053105807388125e+00 1.978861971533718289e-01
2.723342580589349637e+00 1.978662979629411123e-01
2.729632055371311150e+00 1.978457551087035304e-01
2.735921530153272663e+00 1.978246275216039851e-01
2.742211004935234619e+00 1.978028783854378914e-01
2.748500479717196132e+00 1.977803790596167344e-01
2.754789954499157645e+00 1.977569233205327126e-01
2.761079429281119157e+00 1.977322503645783103e-01
2.767368904063080670e+00 1.977060743920129871e-01
2.773658378845042183e+00 1.976781182111434221e-01
2.779947853627003695e+00 1.976481480461601270e-01
2.786237328408965208e+00 1.976160065305324898e-01
2.792526803190926721e+00 1.975816408078164554e-01
2.798816277972888233e+00 1.975451229513195683e-01
2.805105752754849746e+00 1.975066607189002454e-01
2.811395227536811259e+00 1.974665979263362514e-01
2.817684702318772771e+00 1.974254051404431831e-01
2.823974177100734728e+00 1.973836625399213174e-01
2.830263651882696241e+00 1.973420373736734235e-01
2.836553126664657754e+00 1.973012584460073493e-01
2.842842601446619266e+00 1.972620896943949875e-01
2.849132076228580779e+00 1.972253044694810276e-01
2.855421551010542291e+00 1.971916617202817690e-01
2.861711025792503804e+00 1.971618848844191307e-01
2.868000500574465317e+00 1.971366437445244424e-01
2.874289975356426829e+00 1.971165387737705277e-01
2.880579450138388342e+00 1.971020866887845668e-01
2.886868924920349855e+00 1.970937053725026755e-01
2.893158399702311812e+00 1.970916963765383945e-01
2.899447874484273324e+00 1.970962240672470833e-01
2.905737349266234837e+00 1.971072920633743786e-01
2.912026824048196350e+00 1.971247195331134461e-01
2.918316298830157862e+00 1.971481215545077548e-01
2.924605773612119375e+00 1.971768984547409842e-01
2.930895248394080888e+00 1.972102384519464069e-01
2.937184723176042400e+00 1.972471361350040253e-01
2.943474197958003913e+00 1.972864269184267383e-01
2.949763672739965426e+00 1.973268353681102982e-01
2.956053147521926938e+00 1.973670337403377606e-01
2.962342622303888451e+00 1.974057062637083193e-01
2.968632097085849963e+00 1.974416143063370543e-01
2.974921571867811920e+00 1.974736572905458898e-01
2.981211046649773433e+00 1.975009240549836509e-01
2.987500521431734946e+00 1.975227296985874459e-01
2.993789996213696458e+00 1.975386342218260760e-01
3.000079470995657971e+00 1.975484416046253411e-01
3.006368945777619484e+00 1.975521808495792342e-01
3.012658420559580996e+00 1.975500731024912859e-01
3.018947895341542509e+00 1.975424904449823160e-01
3.025237370123504022e+00 1.975299120324602309e-01
3.031526844905465534e+00 1.975128821975365712e-01
3.037816319687427047e+00 1.974919735575257351e-01
3.044105794469388560e+00 1.974677566405360629e-01
3.050395269251350072e+00 1.974407764167956381e-01
3.056684744033312029e+00 1.974115354498519603e-01
3.062974218815273542e+00 1.973804830488254669e-01
3.069263693597235054e+00 1.973480096472672030e-01
3.075553168379196567e+00 1.973144455434633349e-01
3.081842643161158080e+00 1.972800630718822279e-01
3.088132117943119592e+00 1.972450812474991766e-01
3.094421592725081105e+00 1.972096719578967372e-01
3.100711067507042618e+00 1.971739668807638846e-01
3.107000542289004130e+00 1.971380644624291523e-01
3.113290017070965643e+00 1.971020364776546185e-01
3.119579491852927156e+00 1.970659338718008524e-01
3.125868966634888668e+00 1.970297917412544841e-01
3.132158441416850181e+00 1.969936334254898669e-01
3.138447916198812138e+00 1.969574737629301020e-01
