-2.932153143350473279e+00 1.322881968947587639e-01
-2.513274122871834493e+00 1.282849372077874972e-01
-2.094395102393195707e+00 1.249766880864167373e-01
-1.675516081914556477e+00 1.639399926277240183e-01
-1.256637061435917246e+00 1.808584261444141639e-01
-8.377580409572782383e-01 1.729516723860075877e-01
-4.188790204786392302e-01 1.868377452107566894e-01
-2.220446049250313081e-16 2.070488292626992965e-01
4.188790204786390081e-01 1.868377452107565229e-01
8.377580409572780162e-01 1.729516723860078098e-01
1.256637061435916802e+00 1.808584261444142194e-01
1.675516081914556032e+00 1.639399926277237685e-01
2.094395102393195263e+00 1.249766880864168622e-01
2.513274122871834049e+00 1.282849372077874972e-01
2.932153143350473279e+00 1.322881968947586251e-01
