-3.138447916198812138e+00 7.203355560887674258e-01
-3.132158441416851069e+00 6.771881144429621191e-01
-3.125868966634889112e+00 6.345916603298626946e-01
-3.119579491852928044e+00 5.926828434357295228e-01
-3.113290017070966087e+00 5.516156049744761480e-01
-3.107000542289005018e+00 5.115599868160253250e-01
-3.100711067507043062e+00 4.726997217560411912e-01
-3.094421592725081105e+00 4.352284042384990670e-01
-3.088132117943120036e+00 3.993441286806282964e-01
-3.081842643161158080e+00 3.652426289800074222e-01
-3.075553168379197011e+00 3.331091571616970892e-01
-3.069263693597235054e+00 3.031095830927237889e-01
-3.062974218815273986e+00 2.753814390579547577e-01
-3.056684744033312029e+00 2.500258094830881128e-01
-3.050395269251350960e+00 2.271010068690426653e-01
-3.044105794469389004e+00 2.066188302730580795e-01
-3.037816319687427935e+00 1.885438742665629941e-01
-3.031526844905465978e+00 1.727959134283807985e-01
-3.025237370123504910e+00 1.592549501328069661e-01
-3.018947895341542953e+00 1.477682043118281052e-01
-3.012658420559580996e+00 1.381582126956477363e-01
-3.006368945777619928e+00 1.302312793318607664e-01
-3.000079470995657971e+00 1.237856995416503902e-01
-2.993789996213696902e+00 1.186193674145629012e-01
-2.987500521431734946e+00 1.145365050172463539e-01
-2.981211046649773877e+00 1.113533084576964483e-01
-2.974921571867811920e+00 1.089023283665599556e-01
-2.968632097085850852e+00 1.070354424144054212e-01
-2.962342622303888895e+00 1.056253673433664442e-01
-2.956053147521927826e+00 1.045657909232360766e-01
-2.949763672739965870e+00 1.037703417802557371e-01
-2.943474197958004801e+00 1.031707125358994614e-01
-2.937184723176042844e+00 1.027142834109944780e-01
-2.930895248394080888e+00 1.023615619746741090e-01
-2.924605773612119819e+00 1.020836830083458324e-01
-2.918316298830157862e+00 1.018601284362673776e-01
-2.912026824048196794e+00 1.016767517684866173e-01
-2.905737349266234837e+00 1.015241341782114198e-01
-2.899447874484273768e+00 1.013962610349452426e-01
-2.893158399702311812e+00 1.012894850406307057e-01
-2.886868924920350743e+00 1.012017310725817076e-01
-2.880579450138388786e+00 1.011318953653159575e-01
-2.874289975356427718e+00 1.010793955496100405e-01
-2.868000500574465761e+00 1.010438362665384004e-01
-2.861711025792504248e+00 1.010247652574874505e-01
-2.855421551010542736e+00 1.010215044614240498e-01
-2.849132076228580779e+00 1.010330475286467661e-01
-2.842842601446619710e+00 1.010580181379377718e-01
-2.836553126664657754e+00 1.010946829214554726e-01
-2.830263651882696685e+00 1.011410102557211838e-01
-2.823974177100734728e+00 1.011947636300901954e-01
-2.817684702318773660e+00 1.012536170544866276e-01
-2.811395227536811703e+00 1.013152801598116715e-01
-2.805105752754850634e+00 1.013776215908348960e-01
-2.798816277972888678e+00 1.014387802795451154e-01
-2.792526803190927609e+00 1.014972551236910658e-01
-2.786237328408965652e+00 1.015519650452885309e-01
-2.779947853627004140e+00 1.016022740431981181e-01
-2.773658378845042627e+00 1.016479797873542368e-01
-2.767368904063080670e+00 1.016892687933205752e-01
-2.761079429281119602e+00 1.017266450567691216e-01
-2.754789954499157645e+00 1.017608412628584202e-01
-2.748500479717196576e+00 1.017927221279797262e-01
-2.742211004935234619e+00 1.018231886128439928e-01
-2.735921530153273551e+00 1.018530904202887000e-01
-2.729632055371311594e+00 1.018831528147381843e-01
-2.723342580589350526e+00 1.019139223558517410e-01
-2.717053105807388569e+00 1.019457343648615122e-01
-2.710763631025427500e+00 1.019787027287183817e-01
-2.704474156243465544e+00 1.020127302679853104e-01
-2.698184681461504031e+00 1.020475358953060602e-01
-2.691895206679542518e+00 1.020826936460069445e-01
-2.685605731897580561e+00 1.021176784839297746e-01
-2.679316257115619493e+00 1.021519143096045606e-01
-2.673026782333657536e+00 1.021848204157618512e-01
-2.666737307551696468e+00 1.022158534715012640e-01
-2.660447832769734511e+00 1.022445429476942919e-01
-2.654158357987773442e+00 1.022705188522018832e-01
-2.647868883205811485e+00 1.022935317925469240e-01
-2.641579408423850417e+00 1.023134665767724688e-01
-2.635289933641888460e+00 1.023303514564203182e-01
-2.629000458859927392e+00 1.023443653507424139e-01
-2.622710984077965435e+00 1.023558448025891354e-01
-2.616421509296003922e+00 1.023652911332482013e-01
-2.610132034514042410e+00 1.023733766711207860e-01
-2.603842559732080453e+00 1.023809475289224336e-01
-2.597553084950119384e+00 1.023890196336977865e-01
-2.591263610168157427e+00 1.023987647833137921e-01
-2.584974135386196359e+00 1.024114843163824867e-01
-2.578684660604234402e+00 1.024285692120282809e-01
-2.572395185822273334e+00 1.024514467394497530e-01
-2.566105711040311377e+00 1.024815150285642851e-01
-2.559816236258350308e+00 1.025200682829078558e-01
-2.553526761476388351e+00 1.025682170393239501e-01
-2.547237286694427283e+00 1.026268098736174417e-01
-2.540947811912465326e+00 1.026963647385781553e-01
-2.534658337130503813e+00 1.027770187863960433e-01
-2.528368862348542301e+00 1.028685042439215075e-01
-2.522079387566580344e+00 1.029701545383910205e-01
-2.515789912784619275e+00 1.030809402432080746e-01
-2.509500438002657319e+00 1.031995299923474940e-01
-2.503210963220696250e+00 1.033243686200327194e-01
-2.496921488438734293e+00 1.034537639239589135e-01
-2.490632013656773225e+00 1.035859742025539015e-01
-2.484342538874811268e+00 1.037192901929806926e-01
-2.478053064092850200e+00 1.038521065233248414e-01
-2.471763589310888243e+00 1.039829791105999629e-01
-2.465474114528927174e+00 1.041106663448470443e-01
-2.459184639746965217e+00 1.042341536890912246e-01
-2.452895164965003705e+00 1.043526634334928926e-01
-2.446605690183042192e+00 1.044656532752425981e-01
-2.440316215401080235e+00 1.045728084869834984e-01
-2.434026740619119167e+00 1.046740322376673582e-01
-2.427737265837157210e+00 1.047694371629987603e-01
-2.421447791055196141e+00 1.048593390330907760e-01
-2.415158316273234185e+00 1.049442510754304836e-01
-2.408868841491273116e+00 1.050248759058548670e-01
-2.402579366709311159e+00 1.051020915512994175e-01
-2.396289891927350091e+00 1.051769287377285339e-01
-2.390000417145388134e+00 1.052505380711622890e-01
-2.383710942363426621e+00 1.053241473682188512e-01
-2.377421467581465109e+00 1.053990107316694763e-01
-2.371131992799503596e+00 1.054763519034336572e-01
-2.364842518017542083e+00 1.055573051610493862e-01
-2.358553043235580127e+00 1.056428577898359117e-01
-2.352263568453619058e+00 1.057337989299247105e-01
-2.345974093671657101e+00 1.058306799693553707e-01
-2.339684618889696033e+00 1.059337910874655619e-01
-2.333395144107734076e+00 1.060431567623238563e-01
-2.327105669325773007e+00 1.061585503251491203e-01
-2.320816194543811051e+00 1.062795247730454196e-01
-2.314526719761849982e+00 1.064054549425729745e-01
-2.308237244979888025e+00 1.065355853237231476e-01
-2.301947770197926513e+00 1.066690781836023838e-01
-2.295658295415965000e+00 1.068050577671984802e-01
-2.289368820634003487e+00 1.069426475842442104e-01
-2.283079345852041975e+00 1.070809988524432099e-01
-2.276789871070080018e+00 1.072193090337703880e-01
-2.270500396288118949e+00 1.073568302267410429e-01
-2.264210921506156993e+00 1.074928680815260551e-01
-2.257921446724195924e+00 1.076267728486928060e-01
-2.251631971942233967e+00 1.077579249900945113e-01
-2.245342497160272899e+00 1.078857182989007568e-01
-2.239053022378310942e+00 1.080095436216101656e-01
-2.232763547596349873e+00 1.081287760978090901e-01
-2.226474072814387917e+00 1.082427684592031925e-01
-2.220184598032426404e+00 1.083508524982411125e-01
-2.213895123250464891e+00 1.084523504420280005e-01
-2.207605648468502935e+00 1.085465977065516313e-01
-2.201316173686541866e+00 1.086329783209295102e-01
-2.195026698904579909e+00 1.087109740243625000e-01
-2.188737224122618841e+00 1.087802273338949743e-01
-2.182447749340656884e+00 1.088406173959934886e-01
-2.176158274558695815e+00 1.088923449546722599e-01
-2.169868799776733859e+00 1.089360194685671523e-01
-2.163579324994772790e+00 1.089727380097373216e-01
-2.157289850212810833e+00 1.090041432440193303e-01
-2.151000375430849765e+00 1.090324476921013946e-01
-2.144710900648887808e+00 1.090604141274477273e-01
-2.138421425866926295e+00 1.090912868471936303e-01
-2.132131951084964783e+00 1.091286742678787142e-01
-2.125842476303003270e+00 1.091763884254797062e-01
-2.119553001521041757e+00 1.092382508999698576e-01
-2.113263526739079801e+00 1.093178778754421432e-01
-2.106974051957118732e+00 1.094184602927814887e-01
-2.100684577175156775e+00 1.095425584581669332e-01
-2.094395102393195707e+00 1.096919328239946839e-01
-2.088105627611233750e+00 1.098674318713237091e-01
-2.081816152829272681e+00 1.100689525178365630e-01
-2.075526678047310725e+00 1.102954785983250446e-01
-2.069237203265349212e+00 1.105451912883154697e-01
-2.062947728483387699e+00 1.108156354506020930e-01
-2.056658253701426187e+00 1.111039204357655158e-01
-2.050368778919464674e+00 1.114069333197703904e-01
-2.044079304137503161e+00 1.117215453937507319e-01
-2.037789829355541649e+00 1.120447967706382775e-01
-2.031500354573579692e+00 1.123740478032747570e-01
-2.025210879791618623e+00 1.127070894218518277e-01
-2.018921405009656667e+00 1.130422080704211601e-01
-2.012631930227695598e+00 1.133782050938755420e-01
-2.006342455445733641e+00 1.137143748981395280e-01
-2.000052980663772573e+00 1.140504500417770239e-01
-1.993763505881810616e+00 1.143865236866530161e-01
-1.987474031099849103e+00 1.147229602224523609e-01
-1.981184556317887591e+00 1.150603037997637995e-01
-1.974895081535926078e+00 1.153991927255443445e-01
-1.968605606753964565e+00 1.157402857975884519e-01
-1.962316131972003053e+00 1.160842048592320569e-01
-1.956026657190041540e+00 1.164314960042764080e-01
-1.949737182408079805e+00 1.167826098270706436e-01
-1.943447707626118293e+00 1.171378990293678451e-01
-1.937158232844156780e+00 1.174976299541386215e-01
-1.930868758062195267e+00 1.178620036262037485e-01
-1.924579283280233755e+00 1.182311818140886484e-01
-1.918289808498272242e+00 1.186053143404797589e-01
-1.912000333716310507e+00 1.189845650030615515e-01
-1.905710858934348995e+00 1.193691346434055667e-01
-1.899421384152387482e+00 1.197592808545851345e-01
-1.893131909370425969e+00 1.201553344425758119e-01
-1.886842434588464457e+00 1.205577130811393838e-01
-1.880552959806502944e+00 1.209669327423678747e-01
-1.874263485024541431e+00 1.213836176090159202e-01
-1.867974010242579697e+00 1.218085094508953165e-01
-1.861684535460618184e+00 1.222424780105714065e-01
-1.855395060678656671e+00 1.226865348378962106e-01
-1.849105585896695159e+00 1.231418541356995577e-01
-1.842816111114733646e+00 1.236098052500704952e-01
-1.836526636332772133e+00 1.240920020442829591e-01
-1.830237161550810399e+00 1.245903741268511028e-01
-1.823947686768848886e+00 1.251072635386924758e-01
-1.817658211986887373e+00 1.256455481102562999e-01
-1.811368737204925861e+00 1.262087895791538517e-01
-1.805079262422964348e+00 1.268014010784894174e-01
-1.798789787641002835e+00 1.274288250731354932e-01
-1.792500312859041323e+00 1.280977095235084073e-01
-1.786210838077079588e+00 1.288160673893443131e-01
-1.779921363295118075e+00 1.295934030525397462e-01
-1.773631888513156563e+00 1.304407891876046555e-01
-1.767342413731195050e+00 1.313708788666479166e-01
-1.761052938949233537e+00 1.323978394800773561e-01
-1.754763464167271803e+00 1.335371965492539170e-01
-1.748473989385310290e+00 1.348055767873854172e-01
-1.742184514603348777e+00 1.362203425447952032e-01
-1.735895039821387265e+00 1.377991170133649745e-01
-1.729605565039425752e+00 1.395592136785619997e-01
-1.723316090257464239e+00 1.415170038080723336e-01
-1.717026615475502727e+00 1.436872766495490839e-01
-1.710737140693541214e+00 1.460826587248410247e-01
-1.704447665911579479e+00 1.487131514803449461e-01
-1.698158191129617967e+00 1.515858171608653326e-01
-1.691868716347656454e+00 1.547045981924647096e-01
-1.685579241565694941e+00 1.580702117861284006e-01
-1.679289766783733429e+00 1.616800371600072839e-01
-1.673000292001771694e+00 1.655279193997887810e-01
-1.666710817219810181e+00 1.696038514302267708e-01
-1.660421342437848669e+00 1.738935521930312644e-01
-1.654131867655887156e+00 1.783780160436674589e-01
-1.647842392873925643e+00 1.830331459032115970e-01
-1.641552918091964131e+00 1.878295873610162647e-01
-1.635263443310002618e+00 1.927328512763066548e-01
-1.628973968528040883e+00 1.977037604076887778e-01
-1.622684493746079371e+00 2.026992010340932515e-01
-1.616395018964117858e+00 2.076731208075582036e-01
-1.610105544182156345e+00 2.125776954333062352e-01
-1.603816069400194833e+00 2.173645832373927167e-01
-1.597526594618233320e+00 2.219861872193059360e-01
-1.591237119836271585e+00 2.263968425986354061e-01
-1.584947645054310073e+00 2.305538483206371614e-01
-1.578658170272348560e+00 2.344182751372870521e-01
-1.572368695490387047e+00 2.379555202148208315e-01
-1.566079220708425535e+00 2.411356361857452113e-01
-1.559789745926464022e+00 2.439335237801834033e-01
-1.553500271144502509e+00 2.463291163265947104e-01
-1.547210796362540774e+00 2.483076806328031738e-01
-1.540921321580579262e+00 2.498603060034136347e-01
-1.534631846798617749e+00 2.509845638400086676e-01
-1.528342372016656237e+00 2.516852219939348934e-01
-1.522052897234694724e+00 2.519748250842444581e-01
-1.515763422452733211e+00 2.518739332012412402e-01
-1.509473947670771476e+00 2.514108573627618637e-01
-1.503184472888809964e+00 2.506208260039807789e-01
-1.496894998106848451e+00 2.495446278181873145e-01
-1.490605523324886938e+00 2.482268645930271467e-01
-1.484316048542925426e+00 2.467139912385477307e-01
-1.478026573760963913e+00 2.450523206621629257e-01
-1.471737098979002401e+00 2.432861468635237889e-01
-1.465447624197040666e+00 2.414561103091901750e-01
-1.459158149415079153e+00 2.395979041868644410e-01
-1.452868674633117640e+00 2.377413947532431848e-01
-1.446579199851156128e+00 2.359101949504835150e-01
-1.440289725069194615e+00 2.341216844299631450e-01
-1.434000250287233102e+00 2.323874182202566308e-01
-1.427710775505271368e+00 2.307138246226142497e-01
-1.421421300723309855e+00 2.291030728659412263e-01
-1.415131825941348342e+00 2.275539961063633154e-01
-1.408842351159386830e+00 2.260629793446684854e-01
-1.402552876377425317e+00 2.246247536229752928e-01
-1.396263401595463804e+00 2.232330673545133426e-01
-1.389973926813502292e+00 2.218812273877433239e-01
-1.383684452031540557e+00 2.205625158059588697e-01
-1.377394977249579044e+00 2.192704957449921055e-01
-1.371105502467617532e+00 2.179992233173483895e-01
-1.364816027685656019e+00 2.167433846085008442e-01
-1.358526552903694506e+00 2.154983769053629705e-01
-1.352237078121732772e+00 2.142603514721728442e-01
-1.345947603339771259e+00 2.130262312274095737e-01
-1.339658128557809746e+00 2.117937112870096616e-01
-1.333368653775848234e+00 2.105612449010996479e-01
-1.327079178993886721e+00 2.093280133646985008e-01
-1.320789704211925208e+00 2.080938770502695212e-01
-1.314500229429963696e+00 2.068593058076832469e-01
-1.308210754648002183e+00 2.056252896273408626e-01
-1.301921279866040448e+00 2.043932332570763399e-01
-1.295631805084078936e+00 2.031648403440047823e-01
-1.289342330302117423e+00 2.019419933997570471e-01
-1.283052855520155910e+00 2.007266359085437546e-01
-1.276763380738194398e+00 1.995206627653937081e-01
-1.270473905956232663e+00 1.983258250483729002e-01
-1.264184431174271150e+00 1.971436544246671640e-01
-1.257894956392309638e+00 1.959754106295362175e-01
-1.251605481610348125e+00 1.948220522624856954e-01
-1.245316006828386612e+00 1.936842272706625623e-01
-1.239026532046425100e+00 1.925622762252483799e-01
-1.232737057264463587e+00 1.914562401202380137e-01
-1.226447582482501852e+00 1.903658655415390033e-01
-1.220158107700540340e+00 1.892906033274033006e-01
-1.213868632918578827e+00 1.882296011553642179e-01
-1.207579158136617314e+00 1.871816944000791183e-01
-1.201289683354655802e+00 1.861454018382948383e-01
-1.195000208572694289e+00 1.851189326809384306e-01
-1.188710733790732554e+00 1.841002092183042227e-01
-1.182421259008771042e+00 1.830869060836139428e-01
-1.176131784226809529e+00 1.820765040642917942e-01
-1.169842309444848016e+00 1.810663544322369256e-01
-1.163552834662886504e+00 1.800537490621367254e-01
-1.157263359880924991e+00 1.790359916476727820e-01
-1.150973885098963478e+00 1.780104654738389192e-01
-1.144684410317001744e+00 1.769746932387644689e-01
-1.138394935535040231e+00 1.759263847069776621e-01
-1.132105460753078718e+00 1.748634691656653362e-01
-1.125815985971117206e+00 1.737841121002570433e-01
-1.119526511189155693e+00 1.726867188305314382e-01
-1.113237036407194180e+00 1.715699309817947382e-01
-1.106947561625232668e+00 1.704326233389516776e-01
-1.100658086843271155e+00 1.692739080163024046e-01
-1.094368612061309642e+00 1.680931499866928636e-01
-1.088079137279347908e+00 1.668899937256754229e-01
-1.081789662497386173e+00 1.656643964912095646e-01
-1.075500187715424660e+00 1.644166611302763092e-01
-1.069210712933463148e+00 1.631474613541477325e-01
-1.062921238151501635e+00 1.618578552221256739e-01
-1.056631763369540122e+00 1.605492870133338190e-01
-1.050342288587578610e+00 1.592235818825307181e-01
-1.044052813805617097e+00 1.578829399246342025e-01
-1.037763339023655584e+00 1.565299356598184588e-01
-1.031473864241694072e+00 1.551675258481379771e-01
-1.025184389459732559e+00 1.537990642096368210e-01
-1.018894914677771046e+00 1.524283176170841692e-01
-1.012605439895809534e+00 1.510594758868531451e-01
-1.006315965113847799e+00 1.496971469435438296e-01
-1.000026490331886064e+00 1.483463305705673418e-01
-9.937370155499245516e-01 1.470123663000294512e-01
-9.874475407679630390e-01 1.457008533467587519e-01
-9.811580659860015263e-01 1.444175425391986400e-01
-9.748685912040400137e-01 1.431682024165985279e-01
-9.685791164220785010e-01 1.419584648875749366e-01
-9.622896416401169883e-01 1.407936604150899496e-01
-9.560001668581554757e-01 1.396786576583887440e-01
-9.497106920761939630e-01 1.386177255843621392e-01
-9.434212172942324504e-01 1.376144346533519913e-01
-9.371317425122709377e-01 1.366716065327441276e-01
-9.308422677303092030e-01 1.357913102898911650e-01
-9.245527929483474683e-01 1.349748910664088364e-01
-9.182633181663859556e-01 1.342230095339098372e-01
-9.119738433844244430e-01 1.335356702083198566e-01
-9.056843686024629303e-01 1.329122242881456140e-01
-8.993948938205014176e-01 1.323513455081871681e-01
-8.931054190385399050e-01 1.318509911630165732e-01
-8.868159442565783923e-01 1.314083702530612352e-01
-8.805264694746168797e-01 1.310199432281544951e-01
-8.742369946926553670e-01 1.306814722494159531e-01
-8.679475199106938543e-01 1.303881295361585813e-01
-8.616580451287323417e-01 1.301346586046002451e-01
-8.553685703467708290e-01 1.299155734227285253e-01
-8.490790955648090943e-01 1.297253760031609748e-01
-8.427896207828473596e-01 1.295587732712394635e-01
-8.365001460008858469e-01 1.294108769527399505e-01
-8.302106712189243343e-01 1.292773735125610501e-01
-8.239211964369628216e-01 1.291546539263252469e-01
-8.176317216550013089e-01 1.290398957443524841e-01
-8.113422468730397963e-01 1.289310934461151970e-01
-8.050527720910782836e-01 1.288270377999536087e-01
-7.987632973091167710e-01 1.287272500891843974e-01
-7.924738225271552583e-01 1.286318812851567905e-01
-7.861843477451937456e-01 1.285415884907864792e-01
-7.798948729632322330e-01 1.284574011219210277e-01
-7.736053981812707203e-01 1.283805880368337204e-01
-7.673159233993089856e-01 1.283125350421720212e-01
-7.610264486173472509e-01 1.282546403274754943e-01
-7.547369738353857382e-01 1.282082332469296759e-01
-7.484474990534242256e-01 1.281745190932050416e-01
-7.421580242714627129e-01 1.281545490485963557e-01
-7.358685494895012003e-01 1.281492109344738173e-01
-7.295790747075396876e-01 1.281592337140324001e-01
-7.232895999255781749e-01 1.281851978243712387e-01
-7.170001251436166623e-01 1.282275446190508095e-01
-7.107106503616551496e-01 1.282865810530064432e-01
-7.044211755796936369e-01 1.283624792523264668e-01
-6.981317007977321243e-01 1.284552736041590093e-01
-6.918422260157706116e-01 1.285648594950021539e-01
-6.855527512338088769e-01 1.286909973800006990e-01
-6.792632764518471422e-01 1.288333237863718284e-01
-6.729738016698856296e-01 1.289913680986542466e-01
-6.666843268879241169e-01 1.291645717412097383e-01
-6.603948521059626042e-01 1.293523055658595267e-01
-6.541053773240010916e-01 1.295538821151931141e-01
-6.478159025420395789e-01 1.297685615435581197e-01
-6.415264277600780662e-01 1.299955525109465493e-01
-6.352369529781165536e-01 1.302340114280912120e-01
-6.289474781961550409e-01 1.304830443581818655e-01
-6.226580034141935283e-01 1.307417154307160267e-01
-6.163685286322320156e-01 1.310090640499440018e-01
-6.100790538502705029e-01 1.312841311133058630e-01
-6.037895790683087682e-01 1.315659925983976852e-01
-5.975001042863470335e-01 1.318537976774843412e-01
-5.912106295043855209e-01 1.321468080105132337e-01
-5.849211547224240082e-01 1.324444347836385427e-01
-5.786316799404624955e-01 1.327462701054813732e-01
-5.723422051585009829e-01 1.330521094518756497e-01
-5.660527303765394702e-01 1.333619620953344909e-01
-5.597632555945779576e-01 1.336760470713216076e-01
-5.534737808126164449e-01 1.339947732872124320e-01
-5.471843060306549322e-01 1.343187037239929882e-01
-5.408948312486934196e-01 1.346485050663440708e-01
-5.346053564667319069e-01 1.349848853790150405e-01
-5.283158816847703942e-01 1.353285236898639776e-01
-5.220264069028086595e-01 1.356799966988797568e-01
-5.157369321208469248e-01 1.360397092893265991e-01
-5.094474573388854122e-01 1.364078366776985130e-01
-5.031579825569238995e-01 1.367842862126049941e-01
-4.968685077749623868e-01 1.371686854197088634e-01
-4.905790329930008742e-01 1.375603998488292568e-01
-4.842895582110393615e-01 1.379585803037537139e-01
-4.780000834290778489e-01 1.383622352396928212e-01
-4.717106086471163362e-01 1.387703214135024843e-01
-4.654211338651548235e-01 1.391818445196226772e-01
-4.591316590831933109e-01 1.395959611589905336e-01
-4.528421843012317982e-01 1.400120735187196652e-01
-4.465527095192700635e-01 1.404299083714271312e-01
-4.402632347373083288e-01 1.408495727074702830e-01
-4.339737599553468161e-01 1.412715799566664765e-01
-4.276842851733853035e-01 1.416968435032235074e-01
-4.213948103914237908e-01 1.421266376355193317e-01
-4.151053356094622782e-01 1.425625294007691890e-01
-4.088158608275007655e-01 1.430062873872215423e-01
-4.025263860455392528e-01 1.434597751184034375e-01
-3.962369112635777402e-01 1.439248379061712213e-01
-3.899474364816162275e-01 1.444031930850506462e-01
-3.836579616996547148e-01 1.448963344420176325e-01
-3.773684869176932022e-01 1.454054616245857579e-01
-3.710790121357316895e-01 1.459314434228668467e-01
-3.647895373537699548e-01 1.464748197095168958e-01
-3.585000625718082201e-01 1.470358411853298630e-01
-3.522105877898467075e-01 1.476145404926191285e-01
-3.459211130078851948e-01 1.482108243621435284e-01
-3.396316382259236821e-01 1.488245751066348266e-01
-3.333421634439621695e-01 1.494557507346137848e-01
-3.270526886620006568e-01 1.501044752719262465e-01
-3.207632138800391441e-01 1.507711134922935792e-01
-3.144737390980776315e-01 1.514563264864153547e-01
-3.081842643161161188e-01 1.521611061152194355e-01
-3.018947895341546062e-01 1.528867874698537910e-01
-2.956053147521930935e-01 1.536350391941588012e-01
-2.893158399702315808e-01 1.544078321789606745e-01
-2.830263651882698461e-01 1.552073880869482836e-01
-2.767368904063081114e-01 1.560361108899087912e-01
-2.704474156243465988e-01 1.568965074914815128e-01
-2.641579408423850861e-01 1.577911075376429162e-01
-2.578684660604235734e-01 1.587223969350659014e-01
-2.515789912784620608e-01 1.596927830080779598e-01
-2.452895164965005481e-01 1.607046102051035152e-01
-2.390000417145390355e-01 1.617602433360045278e-01
-2.327105669325775228e-01 1.628622316482744026e-01
-2.264210921506160101e-01 1.640135642446449993e-01
-2.201316173686544975e-01 1.652180283114319248e-01
-2.138421425866929848e-01 1.664806881195851074e-01
-2.075526678047314721e-01 1.678085145075055018e-01
-2.012631930227697374e-01 1.692112093068588452e-01
-1.949737182408080027e-01 1.707022833767574688e-01
-1.886842434588464901e-01 1.723004564733155441e-01
-1.823947686768849774e-01 1.740314479209922882e-01
-1.761052938949234647e-01 1.759302146663833943e-01
-1.698158191129619521e-01 1.780436628502401475e-01
-1.635263443310004394e-01 1.804338044634147264e-01
-1.572368695490389268e-01 1.831812453983958922e-01
-1.509473947670774141e-01 1.863887713047645833e-01
-1.446579199851159014e-01 1.901846473837431051e-01
-1.383684452031543888e-01 1.947250858452932443e-01
-1.320789704211928761e-01 2.001951931109815230e-01
-1.257894956392311414e-01 2.068076268444970223e-01
-1.195000208572694067e-01 2.147981987495622136e-01
-1.132105460753078940e-01 2.244177567139773732e-01
-1.069210712933463814e-01 2.359198529431229541e-01
-1.006315965113848687e-01 2.495439427376791308e-01
-9.434212172942335606e-02 2.654941882809979115e-01
-8.805264694746184340e-02 2.839144318740680628e-01
-8.176317216550033073e-02 3.048606193375008599e-01
-7.547369738353881807e-02 3.282728765061339038e-01
-6.918422260157730541e-02 3.539503918155493811e-01
-6.289474781961579275e-02 3.815329083229485607e-01
-5.660527303765428009e-02 4.104926283759890993e-01
-5.031579825569276743e-02 4.401395099080465112e-01
-4.402632347373103272e-02 4.696414309255130259e-01
-3.773684869176929801e-02 4.980589358224472019e-01
-3.144737390980778535e-02 5.243927019984001570e-01
-2.515789912784627269e-02 5.476406893335653558e-01
-1.886842434588476003e-02 5.668610529979078994e-01
-1.257894956392324737e-02 5.812360721455007706e-01
-6.289474781961734706e-03 5.901315085909666358e-01
-2.220446049250313081e-16 5.931452588431624928e-01
6.289474781961290617e-03 5.901394491074979376e-01
1.257894956392280328e-02 5.812516680586647944e-01
1.886842434588431594e-02 5.668837436147365905e-01
2.515789912784582860e-02 5.476696579193822689e-01
3.144737390980734126e-02 5.244269060922417403e-01
3.773684869176907597e-02 4.980971493027264163e-01
4.402632347373081068e-02 4.696822985948331808e-01
5.031579825569232334e-02 4.401816146370525207e-01
5.660527303765383600e-02 4.105345695126309535e-01
6.289474781961534866e-02 3.815733882509497188e-01
6.918422260157686132e-02 3.539883055655579924e-01
7.547369738353837398e-02 3.283073976502235425e-01
8.176317216549988665e-02 3.048912744582746859e-01
8.805264694746139931e-02 2.839411559114681793e-01
9.434212172942291197e-02 2.655173539803833971e-01
1.006315965113844246e-01 2.495643590498049791e-01
1.069210712933459373e-01 2.359387293720335566e-01
1.132105460753074500e-01 2.244366332013281451e-01
1.195000208572691847e-01 2.148188437146267005e-01
1.257894956392309194e-01 2.068319093476312376e-01
1.320789704211924320e-01 2.002249383946069494e-01
1.383684452031539447e-01 1.947619261166075588e-01
1.446579199851154574e-01 1.902298810177135702e-01
1.509473947670769700e-01 1.864432433349565155e-01
1.572368695490384827e-01 1.832452603397222435e-01
1.635263443309999953e-01 1.805070796230765773e-01
1.698158191129615080e-01 1.781253268320498184e-01
1.761052938949230207e-01 1.760188520745994967e-01
1.823947686768845333e-01 1.741251874313494985e-01
1.886842434588460460e-01 1.723970955545652550e-01
1.949737182408075586e-01 1.707994393222849183e-01
2.012631930227692933e-01 1.693064834462340851e-01
2.075526678047310281e-01 1.678996551493111833e-01
2.138421425866925407e-01 1.665657382934827846e-01
2.201316173686540534e-01 1.652954465951488594e-01
2.264210921506155660e-01 1.640823103082170720e-01
2.327105669325770787e-01 1.629218119123404529e-01
2.390000417145385914e-01 1.618107157903734827e-01
2.452895164965001040e-01 1.607465507371060864e-01
2.515789912784616167e-01 1.597272185030261249e-01
2.578684660604231293e-01 1.587507128562218317e-01
2.641579408423846420e-01 1.578149394303233199e-01
2.704474156243461547e-01 1.569176265512877144e-01
2.767368904063076673e-01 1.560563131754850452e-01
2.830263651882694020e-01 1.552283952408974876e-01
2.893158399702311367e-01 1.544312090698208850e-01
2.956053147521926494e-01 1.536621312832679720e-01
3.018947895341541621e-01 1.529186784308799729e-01
3.081842643161156747e-01 1.521985945475222146e-01
3.144737390980771874e-01 1.514999194870360888e-01
3.207632138800387001e-01 1.508210342773384505e-01
3.270526886620002127e-01 1.501606818496152573e-01
3.333421634439617254e-01 1.495179627623929031e-01
3.396316382259232380e-01 1.488923064778532590e-01
3.459211130078847507e-01 1.482834197012238842e-01
3.522105877898462634e-01 1.476912144589849207e-01
3.585000625718079981e-01 1.471157201010728777e-01
3.647895373537697328e-01 1.465569853326899041e-01
3.710790121357312454e-01 1.460149785543345125e-01
3.773684869176927581e-01 1.454894966570836889e-01
3.836579616996542708e-01 1.449800930782567943e-01
3.899474364816157834e-01 1.444860345193713924e-01
3.962369112635772961e-01 1.440062920548527137e-01
4.025263860455388087e-01 1.435395671929977079e-01
4.088158608275003214e-01 1.430843482964172797e-01
4.151053356094618341e-01 1.426389890935410576e-01
4.213948103914233467e-01 1.422017994873329971e-01
4.276842851733848594e-01 1.417711391649552344e-01
4.339737599553463721e-01 1.413455057393759595e-01
4.402632347373081068e-01 1.409236105325673838e-01
4.465527095192698415e-01 1.405044364080142993e-01
4.528421843012313541e-01 1.400872735323628882e-01
4.591316590831928668e-01 1.396717309164600407e-01
4.654211338651543794e-01 1.392577240367379177e-01
4.717106086471158921e-01 1.388454413215707839e-01
4.780000834290774048e-01 1.384352942087180849e-01
4.842895582110389174e-01 1.380278564922516049e-01
4.905790329930004301e-01 1.376237988647247834e-01
4.968685077749619428e-01 1.372238242839325384e-01
5.031579825569234554e-01 1.368286093552627258e-01
5.094474573388849681e-01 1.364387563257180858e-01
5.157369321208464807e-01 1.360547592858785682e-01
5.220264069028082154e-01 1.356769865502598649e-01
5.283158816847699502e-01 1.353056790331178261e-01
5.346053564667314628e-01 1.349409622367166162e-01
5.408948312486929755e-01 1.345828678583485261e-01
5.471843060306544881e-01 1.342313604434683116e-01
5.534737808126160008e-01 1.338863649978608017e-01
5.597632555945775135e-01 1.335477926803528281e-01
5.660527303765390261e-01 1.332155631244641147e-01
5.723422051585005388e-01 1.328896231369866565e-01
5.786316799404620514e-01 1.325699622360606011e-01
5.849211547224235641e-01 1.322566256762101045e-01
5.912106295043850768e-01 1.319497253894494626e-01
5.975001042863465894e-01 1.316494488711042465e-01
6.037895790683083241e-01 1.313560656856502529e-01
6.100790538502700588e-01 1.310699311275992374e-01
6.163685286322315715e-01 1.307914867108106172e-01
6.226580034141930842e-01 1.305212575363826066e-01
6.289474781961545968e-01 1.302598470684344645e-01
6.352369529781161095e-01 1.300079302190866593e-01
6.415264277600776222e-01 1.297662456805887821e-01
6.478159025420391348e-01 1.295355879972744095e-01
6.541053773240006475e-01 1.293167989895118442e-01
6.603948521059621601e-01 1.291107571132142640e-01
6.666843268879236728e-01 1.289183626162052065e-01
6.729738016698851855e-01 1.287405163839854261e-01
6.792632764518469202e-01 1.285780913946346082e-01
6.855527512338086549e-01 1.284318976172702242e-01
6.918422260157701675e-01 1.283026434803254123e-01
6.981317007977316802e-01 1.281908988786844839e-01
7.044211755796931929e-01 1.280970652090073769e-01
7.107106503616547055e-01 1.280213566168084960e-01
7.170001251436162182e-01 1.279637937418302840e-01
7.232895999255777308e-01 1.279242077732821170e-01
7.295790747075392435e-01 1.279022499594401063e-01
7.358685494895007562e-01 1.278974009690924951e-01
7.421580242714622688e-01 1.279089760174041135e-01
7.484474990534237815e-01 1.279361249228370412e-01
7.547369738353852942e-01 1.279778301313552191e-01
7.610264486173470289e-01 1.280329089305494994e-01
7.673159233993087636e-01 1.281000275367188967e-01
7.736053981812702762e-01 1.281777340370484353e-01
7.798948729632317889e-01 1.282645146356561627e-01
7.861843477451933015e-01 1.283588742035245422e-01
7.924738225271548142e-01 1.284594387807562466e-01
7.987632973091163269e-01 1.285650750018036137e-01
8.050527720910778395e-01 1.286750193572168965e-01
8.113422468730393522e-01 1.287890083816513320e-01
8.176317216550008649e-01 1.289073991015326215e-01
8.239211964369623775e-01 1.290312678121301460e-01
8.302106712189238902e-01 1.291624753519236002e-01
8.365001460008854028e-01 1.293036891992312976e-01
8.427896207828471375e-01 1.294583568184690114e-01
8.490790955648088723e-01 1.296306296941204805e-01
8.553685703467703849e-01 1.298252420523106632e-01
8.616580451287316755e-01 1.300473516089873938e-01
8.679475199106931882e-01 1.303023520768170629e-01
8.742369946926547009e-01 1.305956695251898891e-01
8.805264694746162135e-01 1.309325575291699628e-01
8.868159442565781703e-01 1.313179085780704636e-01
8.931054190385396829e-01 1.317560994079225445e-01
8.993948938205011956e-01 1.322508836813927058e-01
9.056843686024627083e-01 1.328053362966950535e-01
9.119738433844242209e-01 1.334218416996004186e-01
9.182633181663857336e-01 1.341021080376345598e-01
9.245527929483472462e-01 1.348471840433704549e-01
9.308422677303087589e-01 1.356574584111921722e-01
9.371317425122702716e-01 1.365326314399593344e-01
9.434212172942317842e-01 1.374716625482191867e-01
9.497106920761932969e-01 1.384727102219848738e-01
9.560001668581548095e-01 1.395330884843795916e-01
9.622896416401163222e-01 1.406492633316899221e-01
9.685791164220782790e-01 1.418169040382533386e-01
9.748685912040397916e-01 1.430309911795135114e-01
9.811580659860013043e-01 1.442859706604918135e-01
9.874475407679628169e-01 1.455759351555487857e-01
9.937370155499243296e-01 1.468948126706250690e-01
1.000026490331885842e+00 1.482365450856895084e-01
1.006315965113847355e+00 1.495952447314911615e-01
1.012605439895808868e+00 1.509653218875059155e-01
1.018894914677770380e+00 1.523415796014621071e-01
1.025184389459731893e+00 1.537192748428141131e-01
1.031473864241693406e+00 1.550941476156357524e-01
1.037763339023654918e+00 1.564624226971619847e-01
1.044052813805616431e+00 1.578207916708755654e-01
1.050342288587578388e+00 1.591663848254313007e-01
1.056631763369539900e+00 1.604967423283147065e-01
1.062921238151501413e+00 1.618097915891223426e-01
1.069210712933462926e+00 1.631038335362400005e-01
1.075500187715424438e+00 1.643775359817207793e-01
1.081789662497385951e+00 1.656299289245172779e-01
1.088079137279347464e+00 1.668603957712271602e-01
1.094368612061308976e+00 1.680686563545985002e-01
1.100658086843270489e+00 1.692547414668339467e-01
1.106947561625232002e+00 1.704189627078178115e-01
1.113237036407193514e+00 1.715618840017935076e-01
1.119526511189155027e+00 1.726843011012503815e-01
1.125815985971116540e+00 1.737872328234258967e-01
1.132105460753078496e+00 1.748719236631341434e-01
1.138394935535040009e+00 1.759398532863259701e-01
1.144684410317001522e+00 1.769927456562257473e-01
1.150973885098963034e+00 1.780325700633780261e-01
1.157263359880924547e+00 1.790615281569651052e-01
1.163552834662886060e+00 1.800820243780950347e-01
1.169842309444847572e+00 1.810966206716238536e-01
1.176131784226809085e+00 1.821079788725965265e-01
1.182421259008770598e+00 1.831187953043353633e-01
1.188710733790732110e+00 1.841317322326048722e-01
1.195000208572693623e+00 1.851493505819663266e-01
1.201289683354655136e+00 1.861740481837161620e-01
1.207579158136616648e+00 1.872080076653512004e-01
1.213868632918578605e+00 1.882531573496706578e-01
1.220158107700540118e+00 1.893111467143767102e-01
1.226447582482501630e+00 1.903833351582741029e-01
1.232737057264463143e+00 1.914707898454208468e-01
1.239026532046424656e+00 1.925742864579086389e-01
1.245316006828386168e+00 1.936943067609308566e-01
1.251605481610347681e+00 1.948310292304530345e-01
1.257894956392309194e+00 1.959843130128995081e-01
1.264184431174270706e+00 1.971536799163797204e-01
1.270473905956232219e+00 1.983383024719607701e-01
1.276763380738193732e+00 1.995370071417833513e-01
1.283052855520155688e+00 2.007483000830828646e-01
1.289342330302117201e+00 2.019704191429836648e-01
1.295631805084078714e+00 2.032014113743625949e-01
1.301921279866040226e+00 2.044392317983056706e-01
1.308210754648001739e+00 2.056818571760304637e-01
1.314500229429963252e+00 2.069274080306098273e-01
1.320789704211924764e+00 2.081742723466992739e-01
1.327079178993886277e+00 2.094212246605478278e-01
1.333368653775847790e+00 2.106675346026982143e-01
1.339658128557809302e+00 2.119130598514493147e-01
1.345947603339770815e+00 2.131583203407555471e-01
1.352237078121732328e+00 2.144045532540540533e-01
1.358526552903693840e+00 2.156537508317609153e-01
1.364816027685655797e+00 2.169086839526282728e-01
1.371105502467617310e+00 2.181729128241883253e-01
1.377394977249578822e+00 2.194507819026900453e-01
1.383684452031540335e+00 2.207473903538761661e-01
1.389973926813501848e+00 2.220685235544794800e-01
1.396263401595463360e+00 2.234205268430701496e-01
1.402552876377424873e+00 2.248101008358467379e-01
1.408842351159386386e+00 2.262439981728999461e-01
1.415131825941347898e+00 2.277286041556511320e-01
1.421421300723309411e+00 2.292693884041344665e-01
1.427710775505270924e+00 2.308702226591982654e-01
1.434000250287232436e+00 2.325325736093199480e-01
1.440289725069193949e+00 2.342546013282487682e-01
1.446579199851155906e+00 2.360302230922277367e-01
1.452868674633117418e+00 2.378482337393238721e-01
1.459158149415078931e+00 2.396915973777959397e-01
1.465447624197040444e+00 2.415370300457841402e-01
1.471737098979001956e+00 2.433549726628292109e-01
1.478026573760963469e+00 2.451100117495216280e-01
1.484316048542924982e+00 2.467617542813005382e-01
1.490605523324886494e+00 2.482661168648234440e-01
1.496894998106848007e+00 2.495769554063367313e-01
1.503184472888809520e+00 2.506479363025100882e-01
1.509473947670771032e+00 2.514345251858275954e-01
1.515763422452732545e+00 2.518959405134548746e-01
1.522052897234694058e+00 2.519968955034507796e-01
1.528342372016656014e+00 2.517089526114378306e-01
1.534631846798617527e+00 2.510113581371608560e-01
1.540921321580579040e+00 2.498913123622868160e-01
1.547210796362540552e+00 2.483437409565670828e-01
1.553500271144502065e+00 2.463707286506014171e-01
1.559789745926463578e+00 2.439808216838231514e-01
1.566079220708425090e+00 2.411883865482206124e-01
1.572368695490386603e+00 2.380131395412849182e-01
1.578658170272348116e+00 2.344798633528513976e-01
1.584947645054309628e+00 2.306182376026368330e-01
1.591237119836271141e+00 2.264626575896373506e-01
1.597526594618232654e+00 2.220519120497123078e-01
1.603816069400194166e+00 2.174286304410729398e-01
1.610105544182156123e+00 2.126384722095998048e-01
1.616395018964117636e+00 2.077290890985391547e-01
1.622684493746079148e+00 2.027489292668203380e-01
1.628973968528040661e+00 1.977459661249161005e-01
1.635263443310002174e+00 1.927664349338570893e-01
1.641552918091963686e+00 1.878536581541278838e-01
1.647842392873925199e+00 1.830470406170157383e-01
1.654131867655886712e+00 1.783813117363489686e-01
1.660421342437848224e+00 1.738860731765546896e-01
1.666710817219809737e+00 1.695856706416193072e-01
1.673000292001771250e+00 1.654993539272325842e-01
1.679289766783732762e+00 1.616416374334259387e-01
1.685579241565694275e+00 1.580227437917829936e-01
1.691868716347656232e+00 1.546490180865471298e-01
1.698158191129617745e+00 1.515232379278471375e-01
1.704447665911579257e+00 1.486448018812279726e-01
1.710737140693540770e+00 1.460098356978471179e-01
1.717026615475502282e+00 1.436112934180508727e-01
1.723316090257463795e+00 1.414391369560861200e-01
1.729605565039425308e+00 1.394806530822347013e-01
1.735895039821386820e+00 1.377209225728794895e-01
1.742184514603348333e+00 1.361434111306223382e-01
1.748473989385309846e+00 1.347306218509947140e-01
1.754763464167271358e+00 1.334647416731532255e-01
1.761052938949232871e+00 1.323282259335676614e-01
1.767342413731194384e+00 1.313042860754458363e-01
1.773631888513156341e+00 1.303772659386425725e-01
1.779921363295117853e+00 1.295329062730100345e-01
1.786210838077079366e+00 1.287585045561071284e-01
1.792500312859040879e+00 1.280429803138405098e-01
1.798789787641002391e+00 1.273768578719471634e-01
1.805079262422963904e+00 1.267521804287874143e-01
1.811368737204925417e+00 1.261623715189884032e-01
1.817658211986886929e+00 1.256020614524317458e-01
1.823947686768848442e+00 1.250668964154149909e-01
1.830237161550809954e+00 1.245533464873277291e-01
1.836526636332771467e+00 1.240585262204903089e-01
1.842816111114732980e+00 1.235800381060440239e-01
1.849105585896694492e+00 1.231158455198982926e-01
1.855395060678656449e+00 1.226641778576629677e-01
1.861684535460617962e+00 1.222234668843079769e-01
1.867974010242579475e+00 1.217923103324172474e-01
1.874263485024540987e+00 1.213694569024933445e-01
1.880552959806502500e+00 1.209538061555712196e-01
1.886842434588464013e+00 1.205444170709904228e-01
1.893131909370425525e+00 1.201405197999775715e-01
1.899421384152387038e+00 1.197415259839701290e-01
1.905710858934348551e+00 1.193470337796336128e-01
1.912000333716310063e+00 1.189568245192404727e-01
1.918289808498271576e+00 1.185708488740566530e-01
1.924579283280233089e+00 1.181892015181679190e-01
1.930868758062194601e+00 1.178120845176191672e-01
1.937158232844156558e+00 1.174397608731986009e-01
1.943447707626118071e+00 1.170725007995180311e-01
1.949737182408079583e+00 1.167105245108647493e-01
1.956026657190041096e+00 1.163539465564304987e-01
1.962316131972002609e+00 1.160027279374376968e-01
1.968605606753964121e+00 1.156566429059305429e-01
1.974895081535925634e+00 1.153152669555794207e-01
1.981184556317887147e+00 1.149779907852809951e-01
1.987474031099848659e+00 1.146440621756491807e-01
1.993763505881810172e+00 1.143126544460348337e-01
2.000052980663771685e+00 1.139829571940078612e-01
2.006342455445733197e+00 1.136542827256060567e-01
2.012631930227694710e+00 1.133261798360159917e-01
2.018921405009656667e+00 1.129985450762838739e-01
2.025210879791618179e+00 1.126717203009382079e-01
2.031500354573579692e+00 1.123465646152871644e-01
2.037789829355541205e+00 1.120244896031931531e-01
2.044079304137502717e+00 1.117074494019535819e-01
2.050368778919464230e+00 1.113978815147950857e-01
2.056658253701425743e+00 1.110985992133071559e-01
2.062947728483387255e+00 1.108126409000144141e-01
2.069237203265348768e+00 1.105430854366807325e-01
2.075526678047310281e+00 1.102928455894486709e-01
2.081816152829271793e+00 1.100644550452090087e-01
2.088105627611233306e+00 1.098598678836428394e-01
2.094395102393194819e+00 1.096802917081687034e-01
2.100684577175156775e+00 1.095260748451267335e-01
2.106974051957118288e+00 1.093966626562266758e-01
2.113263526739079801e+00 1.092906284742311551e-01
2.119553001521041313e+00 1.092057734763922788e-01
2.125842476303002826e+00 1.091392803899373792e-01
2.132131951084964339e+00 1.090879007822211505e-01
2.138421425866925851e+00 1.090481552030442836e-01
2.144710900648887364e+00 1.090165281144267195e-01
2.151000375430848877e+00 1.089896432905743534e-01
2.157289850212810389e+00 1.089644088788452037e-01
2.163579324994771902e+00 1.089381244944400279e-01
2.169868799776733859e+00 1.089085462267729565e-01
2.176158274558695371e+00 1.088739097135591055e-01
2.182447749340656884e+00 1.088329161089962444e-01
2.188737224122618397e+00 1.087846897324005746e-01
2.195026698904579909e+00 1.087287182944608188e-01
2.201316173686541422e+00 1.086647863784728496e-01
2.207605648468502935e+00 1.085929107004259681e-01
2.213895123250464447e+00 1.085132825629540609e-01
2.220184598032425960e+00 1.084262199043968533e-01
2.226474072814387473e+00 1.083321291517861801e-01
2.232763547596348985e+00 1.082314759662408171e-01
2.239053022378310498e+00 1.081247637530240724e-01
2.245342497160272011e+00 1.080125190842596700e-01
2.251631971942233967e+00 1.078952835030774077e-01
2.257921446724195480e+00 1.077736112324960555e-01
2.264210921506156993e+00 1.076480720031474381e-01
2.270500396288118505e+00 1.075192576370546521e-01
2.276789871070080018e+00 1.073877903917212218e-01
2.283079345852041531e+00 1.072543306179637168e-01
2.289368820634003043e+00 1.071195812009838044e-01
2.295658295415964556e+00 1.069842866023000966e-01
2.301947770197926069e+00 1.068492250154103040e-01
2.308237244979887581e+00 1.067151929949779615e-01
2.314526719761849094e+00 1.065829827239017091e-01
2.320816194543810607e+00 1.064533527722184292e-01
2.327105669325772119e+00 1.063269938590243324e-01
2.333395144107734076e+00 1.062044918933304216e-01
2.339684618889695589e+00 1.060862914637160509e-01
2.345974093671657101e+00 1.059726637479742883e-01
2.352263568453618614e+00 1.058636831008123586e-01
2.358553043235580127e+00 1.057592159594282488e-01
2.364842518017541639e+00 1.056589241149161057e-01
2.371131992799503152e+00 1.055622822214082462e-01
2.377421467581464665e+00 1.054686073443392574e-01
2.383710942363426177e+00 1.053770970050668526e-01
2.390000417145387690e+00 1.052868717923940572e-01
2.396289891927349203e+00 1.051970189738073297e-01
2.402579366709310715e+00 1.051066342273939552e-01
2.408868841491272228e+00 1.050148592994511465e-01
2.415158316273234185e+00 1.049209140077651398e-01
2.421447791055195697e+00 1.048241217015262045e-01
2.427737265837157210e+00 1.047239281993786048e-01
2.434026740619118723e+00 1.046199152988211284e-01
2.440316215401080235e+00 1.045118108804819479e-01
2.446605690183041748e+00 1.043994980154875629e-01
2.452895164965003261e+00 1.042830250414738397e-01
2.459184639746964773e+00 1.041626173081922485e-01
2.465474114528926286e+00 1.040386895296953051e-01
2.471763589310887799e+00 1.039118559590006541e-01
2.478053064092849311e+00 1.037829345009130544e-01
2.484342538874810824e+00 1.036529407903970246e-01
2.490632013656772337e+00 1.035230692128548402e-01
2.496921488438734293e+00 1.033946594692605331e-01
2.503210963220695806e+00 1.032691490495354497e-01
2.509500438002657319e+00 1.031480134670429982e-01
2.515789912784618831e+00 1.030326972789961382e-01
2.522079387566580344e+00 1.029245400182025733e-01
2.528368862348541857e+00 1.028247024089291445e-01
2.534658337130503369e+00 1.027340994805671648e-01
2.540947811912464882e+00 1.026533478204103150e-01
2.547237286694426395e+00 1.025827334663183821e-01
2.553526761476387907e+00 1.025222044703848479e-01
2.559816236258349420e+00 1.024713883975322259e-01
2.566105711040310933e+00 1.024296310945472105e-01
2.572395185822272445e+00 1.023960502436015857e-01
2.578684660604234402e+00 1.023695962326675590e-01
2.584974135386195915e+00 1.023491136308248561e-01
2.591263610168157427e+00 1.023333983282664200e-01
2.597553084950118940e+00 1.023212473501051573e-01
2.603842559732080453e+00 1.023114999433991923e-01
2.610132034514041965e+00 1.023030696580477655e-01
2.616421509296003478e+00 1.022949679594210154e-01
2.622710984077964991e+00 1.022863206057292029e-01
2.629000458859926503e+00 1.022763786116310386e-01
2.635289933641888016e+00 1.022645259359582087e-01
2.641579408423849529e+00 1.022502858570853018e-01
2.647868883205811041e+00 1.022333272288934031e-01
2.654158357987772554e+00 1.022134705569126001e-01
2.660447832769734511e+00 1.021906924328082472e-01
2.666737307551696023e+00 1.021651257727827639e-01
2.673026782333657536e+00 1.021370529276766081e-01
2.679316257115619049e+00 1.021068892389721261e-01
2.685605731897580561e+00 1.020751558426216538e-01
2.691895206679542074e+00 1.020424420578332492e-01
2.698184681461503587e+00 1.020093591114045600e-01
2.704474156243465099e+00 1.019764880293221043e-01
2.710763631025426612e+00 1.019443253416415368e-01
2.717053105807388125e+00 1.019132309724227747e-01
2.723342580589349637e+00 1.018833833623111196e-01
2.729632055371311150e+00 1.018547472603540532e-01
2.735921530153272663e+00 1.018270593187697165e-01
2.742211004935234619e+00 1.017998353496883668e-01
2.748500479717196132e+00 1.017724009617768377e-01
2.754789954499157645e+00 1.017439447779947687e-01
2.761079429281119157e+00 1.017135911259939435e-01
2.767368904063080670e+00 1.016804872983440439e-01
2.773658378845042183e+00 1.016438991031933387e-01
2.779947853627003695e+00 1.016033071864992365e-01
2.786237328408965208e+00 1.015584954438858989e-01
2.792526803190926721e+00 1.015096221570614132e-01
2.798816277972888233e+00 1.014572649971883095e-01
2.805105752754849746e+00 1.014024332501321513e-01
2.811395227536811259e+00 1.013465443646618808e-01
2.817684702318772771e+00 1.012913662901754053e-01
2.823974177100734728e+00 1.012389308917339414e-01
2.830263651882696241e+00 1.011914262942209958e-01
2.836553126664657754e+00 1.011510774137787255e-01
2.842842601446619266e+00 1.011200248374173466e-01
2.849132076228580779e+00 1.011002131614665428e-01
2.855421551010542291e+00 1.010933008142922973e-01
2.861711025792503804e+00 1.011006035888470378e-01
2.868000500574465317e+00 1.011230829415880605e-01
2.874289975356426829e+00 1.011613877216490792e-01
2.880579450138388342e+00 1.012159556355444884e-01
2.886868924920349855e+00 1.012871803234624141e-01
2.893158399702311812e+00 1.013756529611430646e-01
2.899447874484273324e+00 1.014824941249279494e-01
2.905737349266234837e+00 1.016098011422182923e-01
2.912026824048196350e+00 1.017612461494582787e-01
2.918316298830157862e+00 1.019428681184730984e-01
2.924605773612119375e+00 1.021641059069470642e-01
2.930895248394080888e+00 1.024391169172073762e-01
2.937184723176042400e+00 1.027884149908273453e-01
2.943474197958003913e+00 1.032408386443908616e-01
2.949763672739965426e+00 1.038358226450989269e-01
2.956053147521926938e+00 1.046258888251851010e-01
2.962342622303888451e+00 1.056791967774778074e-01
2.968632097085849963e+00 1.070819113140489276e-01
2.974921571867811920e+00 1.089400720790554417e-01
2.981211046649773433e+00 1.113806193287950053e-01
2.987500521431734946e+00 1.145512615081457769e-01
2.993789996213696458e+00 1.186189674183380505e-01
3.000079470995657971e+00 1.237670028370028708e-01
3.006368945777619484e+00 1.301905639076897103e-01
3.012658420559580996e+00 1.380911491360092835e-01
3.018947895341542509e+00 1.476698517257114540e-01
3.025237370123504022e+00 1.591197763378744412e-01
3.031526844905465534e+00 1.726178411796629730e-01
3.037816319687427047e+00 1.883163540613291831e-01
3.044105794469388560e+00 2.063349384805602260e-01
3.050395269251350072e+00 2.267535656406723110e-01
3.056684744033312029e+00 2.496075224014935867e-01
3.062974218815273542e+00 2.748850343311069477e-01
3.069263693597235054e+00 3.025279548814846509e-01
3.075553168379196567e+00 3.324354957304120894e-01
3.081842643161158080e+00 3.644705317953438883e-01
3.088132117943119592e+00 3.984676870081534927e-01
3.094421592725081105e+00 4.342422626453902312e-01
3.100711067507042618e+00 4.715991106611326367e-01
3.107000542289004130e+00 5.103407304258162913e-01
3.113290017070965643e+00 5.502741084077586997e-01
3.119579491852927156e+00 5.912160635644223561e-01
3.125868966634888668e+00 6.329970649691594176e-01
3.132158441416850181e+00 6.754636341852763293e-01
3.138447916198812138e+00 7.184795324710770981e-01
