4.166666666666666435e-02 6.993548748849165442e-02
1.250000000000000000e-01 2.003866429290603879e-01
2.083333333333333148e-01 2.710103966046196189e-01
2.916666666666666297e-01 5.240373948491797718e-01
3.750000000000000000e-01 8.952099996996707443e-01
4.583333333333333148e-01 1.149072876012576572e+00
5.416666666666666297e-01 1.059664538298999314e+00
6.250000000000000000e-01 1.108436662628462521e+00
7.083333333333332593e-01 1.428819095237717551e+00
7.916666666666666297e-01 1.473262788853742622e+00
8.750000000000000000e-01 1.854555231215326838e+00
9.583333333333332593e-01 1.965608886182151904e+00
