5.005005005005004962e-04 -3.108199822288259043e-03
1.501501501501501488e-03 -3.032643908596669054e-03
2.502502502502502481e-03 -2.955339167353873350e-03
3.503503503503503473e-03 -2.876256711569303258e-03
4.504504504504504465e-03 -2.795367313818014968e-03
5.505505505505505458e-03 -2.712641404822599064e-03
6.506506506506506450e-03 -2.628049072065329755e-03
7.507507507507507442e-03 -2.541560058430082820e-03
8.508508508508507567e-03 -2.453143760872954562e-03
9.509509509509510294e-03 -2.362769229120843632e-03
1.051051051051050955e-02 -2.270405164397161328e-03
1.151151151151151228e-02 -2.176019918173358048e-03
1.251251251251251154e-02 -2.079581490945722061e-03
1.351351351351351426e-02 -1.981057531035789604e-03
1.451451451451451352e-02 -1.880415333413764344e-03
1.551551551551551625e-02 -1.777621838543355474e-03
1.651651651651651551e-02 -1.672643631246978867e-03
1.751751751751751823e-02 -1.565446939590087010e-03
1.851851851851851749e-02 -1.455997633783173185e-03
1.951951951951952022e-02 -1.344261225100229495e-03
2.052052052052051948e-02 -1.230202864812303051e-03
2.152152152152152220e-02 -1.113787343134611633e-03
2.252252252252252146e-02 -9.949790881860643560e-04
2.352352352352352419e-02 -8.737421649595029233e-04
2.452452452452452344e-02 -7.500402743014795287e-04
2.552552552552552617e-02 -6.238367518999823891e-04
2.652652652652652543e-02 -4.950945672788243518e-04
2.752752752752752816e-02 -3.637763227972452135e-04
2.852852852852852741e-02 -2.298442526533659921e-04
2.952952952952953014e-02 -9.326022189014033376e-05
3.053053053053052940e-02 4.601427459743033521e-05
3.153153153153152866e-02 1.880181130551397684e-04
3.253253253253253485e-02 3.327905418636619220e-04
3.353353353353352717e-02 4.803711825349474968e-04
3.453453453453453337e-02 6.308000307120994674e-04
3.553553553553553956e-02 7.841174571736313909e-04
3.653653653653653188e-02 9.403642088429550391e-04
3.753753753753753808e-02 1.099581409804004616e-03
3.853853853853854428e-02 1.261810562323545729e-03
3.953953953953953659e-02 1.427093547880750254e-03
4.054054054054054279e-02 1.595472628204480312e-03
4.154154154154153511e-02 1.766990446318476501e-03
4.254254254254254131e-02 1.941690027594641238e-03
4.354354354354354750e-02 2.119614780814235884e-03
4.454454454454453982e-02 2.300808499236847715e-03
4.554554554554554602e-02 2.485315361676655732e-03
4.654654654654655221e-02 2.673179933585296229e-03
4.754754754754754453e-02 2.864447168140529278e-03
4.854854854854855073e-02 3.059162407339591563e-03
4.954954954954954305e-02 3.257371383095831324e-03
5.055055055055054924e-02 3.459120218337153468e-03
5.155155155155155544e-02 3.664455428104199282e-03
5.255255255255254776e-02 3.873423920646373343e-03
5.355355355355355396e-02 4.086072998513008876e-03
5.455455455455456015e-02 4.302450359637061648e-03
5.555555555555555247e-02 4.522604098408186495e-03
5.655655655655655867e-02 4.746582706731804213e-03
5.755755755755755099e-02 4.974435075070345047e-03
5.855855855855855718e-02 5.206210493462584341e-03
5.955955955955956338e-02 5.441958652516502848e-03
6.056056056056055570e-02 5.681729644370758087e-03
6.156156156156156189e-02 5.925573963619670120e-03
6.256256256256256809e-02 6.173542508195666717e-03
6.356356356356356041e-02 6.425686580203338397e-03
6.456456456456456661e-02 6.682057886698532234e-03
6.556556556556555893e-02 6.942708540405249755e-03
6.656656656656656512e-02 7.207691060363239158e-03
6.756756756756757132e-02 7.477058372498042796e-03
6.856856856856856364e-02 7.750863810105426514e-03
6.956956956956956983e-02 8.029161114241140790e-03
7.057057057057056215e-02 8.312004434006819639e-03
7.157157157157156835e-02 8.599448326722190089e-03
7.257257257257257455e-02 8.891547757973326110e-03
7.357357357357358074e-02 9.188358101526208216e-03
7.457457457457457306e-02 9.489935139094358985e-03
7.557557557557557926e-02 9.796335059949000390e-03
7.657657657657657158e-02 1.010761446035929323e-02
7.757757757757757777e-02 1.042383034285025017e-02
7.857857857857858397e-02 1.074504011526531203e-02
7.957957957957957629e-02 1.107130158961984294e-02
8.058058058058058248e-02 1.140267298073193228e-02
8.158158158158157480e-02 1.173921290461585332e-02
8.258258258258258100e-02 1.208098037662374245e-02
8.358358358358358720e-02 1.242803480932026979e-02
8.458458458458457951e-02 1.278043601007502680e-02
8.558558558558558571e-02 1.313824417835678451e-02
8.658658658658657803e-02 1.350151990271374926e-02
8.758758758758758423e-02 1.387032415742367464e-02
8.858858858858859042e-02 1.424471829879721783e-02
8.958958958958959662e-02 1.462476406111820615e-02
9.059059059059058894e-02 1.501052355220409799e-02
9.159159159159159513e-02 1.540205924856989303e-02
9.259259259259258745e-02 1.579943399017869066e-02
9.359359359359359365e-02 1.620271097476257832e-02
9.459459459459459985e-02 1.661195375169681465e-02
9.559559559559559216e-02 1.702722621541154224e-02
9.659659659659659836e-02 1.744859259832416340e-02
9.759759759759759068e-02 1.787611746327735784e-02
9.859859859859859688e-02 1.830986569546674825e-02
9.959959959959960307e-02 1.874990249384339905e-02
1.006006006006005954e-01 1.919629336197699321e-02
1.016016016016016016e-01 1.964910409836515687e-02
1.026026026026025939e-01 2.010840078617677495e-02
1.036036036036036001e-01 2.057424978241587099e-02
1.046046046046046063e-01 2.104671770649551438e-02
1.056056056056056125e-01 2.152587142821016722e-02
1.066066066066066048e-01 2.201177805509786298e-02
1.076076076076076110e-01 2.250450491918293272e-02
1.086086086086086033e-01 2.300411956309240946e-02
1.096096096096096095e-01 2.351068972553992803e-02
1.106106106106106157e-01 2.402428332617210366e-02
1.116116116116116080e-01 2.454496844977450964e-02
1.126126126126126142e-01 2.507281332983499200e-02
1.136136136136136066e-01 2.560788633146401580e-02
1.146146146146146128e-01 2.615025593367339279e-02
1.156156156156156189e-01 2.669999071101614163e-02
1.166166166166166113e-01 2.725715931459211233e-02
1.176176176176176175e-01 2.782183045242580047e-02
1.186186186186186098e-01 2.839407286922402199e-02
1.196196196196196160e-01 2.897395532552421091e-02
1.206206206206206222e-01 2.956154657624404658e-02
1.216216216216216284e-01 3.015691534864691284e-02
1.226226226226226207e-01 3.076013031973833661e-02
1.236236236236236269e-01 3.137126009311044100e-02
1.246246246246246331e-01 3.199037317525438989e-02
1.256256256256256254e-01 3.261753795136123485e-02
1.266266266266266038e-01 3.325282266063413206e-02
1.276276276276276378e-01 3.389629537113714175e-02
1.286286286286286162e-01 3.454802395420613487e-02
1.296296296296296502e-01 3.520807605845090171e-02
1.306306306306306286e-01 3.587651908337741863e-02
1.316316316316316071e-01 3.655342015266195566e-02
1.326326326326326410e-01 3.723884608710981842e-02
1.336336336336336195e-01 3.793286337733278724e-02
1.346346346346346534e-01 3.863553815618107901e-02
1.356356356356356319e-01 3.934693617096603896e-02
1.366366366366366103e-01 4.006712275551201075e-02
1.376376376376376443e-01 4.079616280207595119e-02
1.386386386386386227e-01 4.153412073317419573e-02
1.396396396396396566e-01 4.228106047335784823e-02
1.406406406406406351e-01 4.303704542097674945e-02
1.416416416416416413e-01 4.380213841997439295e-02
1.426426426426426475e-01 4.457640173175599074e-02
1.436436436436436259e-01 4.535989700717126677e-02
1.446446446446446599e-01 4.615268525865508925e-02
1.456456456456456383e-01 4.695482683256766571e-02
1.466466466466466445e-01 4.776638138177771026e-02
1.476476476476476507e-01 4.858740783852885659e-02
1.486486486486486291e-01 4.941796438763246258e-02
1.496496496496496631e-01 5.025810844002708694e-02
1.506506506506506415e-01 5.110789660674489726e-02
1.516516516516516755e-01 5.196738467332533834e-02
1.526526526526526539e-01 5.283662757471384308e-02
1.536536536536536324e-01 5.371567937068419396e-02
1.546546546546546663e-01 5.460459322182086711e-02
1.556556556556556448e-01 5.550342136609606042e-02
1.566566566566566787e-01 5.641221509607741852e-02
1.576576576576576572e-01 5.733102473679682620e-02
1.586586586586586356e-01 5.825989962431403490e-02
1.596596596596596696e-01 5.919888808500318317e-02
1.606606606606606480e-01 6.014803741559108380e-02
1.616616616616616819e-01 6.110739386397451983e-02
1.626626626626626604e-01 6.207700261084032195e-02
1.636636636636636388e-01 6.305690775211292287e-02
1.646646646646646728e-01 6.404715228224970580e-02
1.656656656656656512e-01 6.504777807840406156e-02
1.666666666666666852e-01 6.605882588547556944e-02
1.676676676676676636e-01 6.708033530206111705e-02
1.686686686686686421e-01 6.811234476732364040e-02
1.696696696696696760e-01 6.915489154878995404e-02
1.706706706706706544e-01 7.020801173108820459e-02
1.716716716716716884e-01 7.127174020563539769e-02
1.726726726726726668e-01 7.234611066128100731e-02
1.736736736736736730e-01 7.343115557591341214e-02
1.746746746746746792e-01 7.452690620903228147e-02
1.756756756756756577e-01 7.563339259528972791e-02
1.766766766766766916e-01 7.675064353900142022e-02
1.776776776776776701e-01 7.787868660962589396e-02
1.786786786786786763e-01 7.901754813821086632e-02
1.796796796796796825e-01 8.016725321480182298e-02
1.806806806806806609e-01 8.132782568680858859e-02
1.816816816816816949e-01 8.249928815832356654e-02
1.826826826826826733e-01 8.368166199038186426e-02
1.836836836836837072e-01 8.487496730215836338e-02
1.846846846846846857e-01 8.607922297308662207e-02
1.856856856856856641e-01 8.729444664589260106e-02
1.866866866866866981e-01 8.852065473052872502e-02
1.876876876876876765e-01 8.975786240899473467e-02
1.886886886886887105e-01 9.100608364103282555e-02
1.896896896896896889e-01 9.226533117067972634e-02
1.906906906906906674e-01 9.353561653366207485e-02
1.916916916916917013e-01 9.481695006561577377e-02
1.926926926926926797e-01 9.610934091111436595e-02
1.936936936936937137e-01 9.741279703348665331e-02
1.946946946946946921e-01 9.872732522540504652e-02
1.956956956956956706e-01 1.000529311202263683e-01
1.966966966966967045e-01 1.013896192040638911e-01
1.976976976976976830e-01 1.027373928285707783e-01
1.986986986986987169e-01 1.040962542244150690e-01
1.996996996996996954e-01 1.054662045154234618e-01
2.007007007007006738e-01 1.068472437333744945e-01
2.017017017017017078e-01 1.082393708334165872e-01
2.027027027027026862e-01 1.096425837100918205e-01
2.037037037037037202e-01 1.110568792139413202e-01
2.047047047047046986e-01 1.124822531686695271e-01
2.057057057057057048e-01 1.139187003888467442e-01
2.067067067067067110e-01 1.153662146981249137e-01
2.077077077077076894e-01 1.168247889479441387e-01
2.087087087087087234e-01 1.182944150367081781e-01
2.097097097097097018e-01 1.197750839294041969e-01
2.107107107107107080e-01 1.212667856776449421e-01
2.117117117117117142e-01 1.227695094401092812e-01
2.127127127127126927e-01 1.242832435033574823e-01
2.137137137137137266e-01 1.258079753029998915e-01
2.147147147147147050e-01 1.273436914451938351e-01
2.157157157157157390e-01 1.288903777284469421e-01
2.167167167167167174e-01 1.304480191657024779e-01
2.177177177177176959e-01 1.320166000066860801e-01
2.187187187187187298e-01 1.335961037604876667e-01
2.197197197197197083e-01 1.351865132183587837e-01
2.207207207207207422e-01 1.367878104767007441e-01
2.217217217217217207e-01 1.383999769602212992e-01
2.227227227227226991e-01 1.400229934452387193e-01
2.237237237237237331e-01 1.416568400831080266e-01
2.247247247247247115e-01 1.433014964237506739e-01
2.257257257257257455e-01 1.449569414392629374e-01
2.267267267267267239e-01 1.466231535475812642e-01
2.277277277277277023e-01 1.483001106361856447e-01
2.287287287287287363e-01 1.499877900858151702e-01
2.297297297297297147e-01 1.516861687941768733e-01
2.307307307307307487e-01 1.533952231996275617e-01
2.317317317317317271e-01 1.551149293048033895e-01
2.327327327327327056e-01 1.568452627001820920e-01
2.337337337337337395e-01 1.585861985875513802e-01
2.347347347347347180e-01 1.603377118033668114e-01
2.357357357357357519e-01 1.620997768419768503e-01
2.367367367367367303e-01 1.638723678786966897e-01
2.377377377377377365e-01 1.656554587927085709e-01
2.387387387387387427e-01 1.674490231897702575e-01
2.397397397397397212e-01 1.692530344247125951e-01
2.407407407407407551e-01 1.710674656237051172e-01
2.417417417417417336e-01 1.728922897062716846e-01
2.427427427427427398e-01 1.747274794070381443e-01
2.437437437437437460e-01 1.765730072971900544e-01
2.447447447447447244e-01 1.784288458056259297e-01
2.457457457457457584e-01 1.802949672397855529e-01
2.467467467467467368e-01 1.821713438061345891e-01
2.477477477477477708e-01 1.840579476302910689e-01
2.487487487487487492e-01 1.859547507767709829e-01
2.497497497497497554e-01 1.878617252683420225e-01
2.507507507507507616e-01 1.897788431049625413e-01
2.517517517517517400e-01 1.917060762822931919e-01
2.527527527527527740e-01 1.936433968097627800e-01
2.537537537537537524e-01 1.955907767281714338e-01
2.547547547547547309e-01 1.975481881268196238e-01
2.557557557557557648e-01 1.995156031601403313e-01
2.567567567567567433e-01 2.014929940638253980e-01
2.577577577577577772e-01 2.034803331704297669e-01
2.587587587587587556e-01 2.054775929244341270e-01
2.597597597597597341e-01 2.074847458967615521e-01
2.607607607607607680e-01 2.095017647987233445e-01
2.617617617617617465e-01 2.115286224953894789e-01
2.627627627627627804e-01 2.135652920183656045e-01
2.637637637637637589e-01 2.156117465779658904e-01
2.647647647647647373e-01 2.176679595747700591e-01
2.657657657657657713e-01 2.197339046105513671e-01
2.667667667667667497e-01 2.218095554985663187e-01
2.677677677677677837e-01 2.238948862731945655e-01
2.687687687687687621e-01 2.259898711989179465e-01
2.697697697697697405e-01 2.280944847786324503e-01
2.707707707707707745e-01 2.302087017612801934e-01
2.717717717717717529e-01 2.323324971487956969e-01
2.727727727727727869e-01 2.344658462023594125e-01
2.737737737737737653e-01 2.366087244479488094e-01
2.747747747747747438e-01 2.387611076811841926e-01
2.757757757757757777e-01 2.409229719714610918e-01
2.767767767767768117e-01 2.430942936653656961e-01
2.777777777777777901e-01 2.452750493893701145e-01
2.787787787787787686e-01 2.474652160518034383e-01
2.797797797797797470e-01 2.496647708440962732e-01
2.807807807807807809e-01 2.518736912412988804e-01
2.817817817817818149e-01 2.540919550018700956e-01
2.827827827827827933e-01 2.563195401667398010e-01
2.837837837837837718e-01 2.585564250576473100e-01
2.847847847847847502e-01 2.608025882747542767e-01
2.857857857857857842e-01 2.630580086935396245e-01
2.867867867867868181e-01 2.653226654609793234e-01
2.877877877877877966e-01 2.675965379910174580e-01
2.887887887887887750e-01 2.698796059593350782e-01
2.897897897897897534e-01 2.721718492974255499e-01
2.907907907907907874e-01 2.744732481859839535e-01
2.917917917917918214e-01 2.767837830476231886e-01
2.927927927927927998e-01 2.791034345389261095e-01
2.937937937937937782e-01 2.814321835418486240e-01
2.947947947947947567e-01 2.837700111544864123e-01
2.957957957957957906e-01 2.861168986812191450e-01
2.967967967967968246e-01 2.884728276222525700e-01
2.977977977977978030e-01 2.908377796625725153e-01
2.987987987987987815e-01 2.932117366603314013e-01
2.997997997997997599e-01 2.955946806346873568e-01
3.008008008008007939e-01 2.979865937531163689e-01
3.018018018018018278e-01 3.003874583182218894e-01
3.028028028028028062e-01 3.027972567540639925e-01
3.038038038038037847e-01 3.052159715920345073e-01
3.048048048048048186e-01 3.076435854563033812e-01
3.058058058058057971e-01 3.100800810488630876e-01
3.068068068068068310e-01 3.125254411342017202e-01
3.078078078078078095e-01 3.149796485236320831e-01
3.088088088088087879e-01 3.174426860593082544e-01
3.098098098098098219e-01 3.199145365979613742e-01
3.108108108108108003e-01 3.223951829943847991e-01
3.118118118118118343e-01 3.248846080847079265e-01
3.128128128128128127e-01 3.273827946694836677e-01
3.138138138138137911e-01 3.298897254966341452e-01
3.148148148148148251e-01 3.324053832442827039e-01
3.158158158158158035e-01 3.349297505035120359e-01
3.168168168168168375e-01 3.374628097610862798e-01
3.178178178178178159e-01 3.400045433821691221e-01
3.188188188188187944e-01 3.425549335930827000e-01
3.198198198198198283e-01 3.451139624641386683e-01
3.208208208208208068e-01 3.476816118925827315e-01
3.218218218218218407e-01 3.502578635856924971e-01
3.228228228228228192e-01 3.528426990440604594e-01
3.238238238238237976e-01 3.554360995451094074e-01
3.248248248248248315e-01 3.580380461268691805e-01
3.258258258258258100e-01 3.606485195720584014e-01
3.268268268268268439e-01 3.632675003925061041e-01
3.278278278278278224e-01 3.658949688139496725e-01
3.288288288288288008e-01 3.685309047612466138e-01
3.298298298298298348e-01 3.711752878440341408e-01
3.308308308308308132e-01 3.738280973428714238e-01
3.318318318318318472e-01 3.764893121958988731e-01
3.328328328328328256e-01 3.791589109860453166e-01
3.338338338338338041e-01 3.818368719288174340e-01
3.348348348348348380e-01 3.845231728606975929e-01
3.358358358358358164e-01 3.872177912281810630e-01
3.368368368368368504e-01 3.899207040774822497e-01
3.378378378378378288e-01 3.926318880449289339e-01
3.388388388388388073e-01 3.953513193480767129e-01
3.398398398398398412e-01 3.980789737775594084e-01
3.408408408408408752e-01 4.008148266896997547e-01
3.418418418418418536e-01 4.035588529998968554e-01
3.428428428428428321e-01 4.063110271768087256e-01
3.438438438438438105e-01 4.090713232373433539e-01
3.448448448448448445e-01 4.118397147424699423e-01
3.458458458458458784e-01 4.146161747938621467e-01
3.468468468468468568e-01 4.174006760313808129e-01
3.478478478478478353e-01 4.201931906314010368e-01
3.488488488488488137e-01 4.229936903059884901e-01
3.498498498498498477e-01 4.258021463029231235e-01
3.508508508508508816e-01 4.286185294065731344e-01
3.518518518518518601e-01 4.314428099396111493e-01
3.528528528528528385e-01 4.342749577655700688e-01
3.538538538538538170e-01 4.371149422922271377e-01
3.548548548548548509e-01 4.399627324758069724e-01
3.558558558558558849e-01 4.428182968259897212e-01
3.568568568568568633e-01 4.456816034117092595e-01
3.578578578578578417e-01 4.485526198677218246e-01
3.588588588588588202e-01 4.514313134019282137e-01
3.598598598598598541e-01 4.543176508034220129e-01
3.608608608608608881e-01 4.572115984512443720e-01
3.618618618618618665e-01 4.601131223238152934e-01
3.628628628628628450e-01 4.630221880090149011e-01
3.638638638638638234e-01 4.659387607148822719e-01
3.648648648648648574e-01 4.688628052809000191e-01
3.658658658658658913e-01 4.717942861898308249e-01
3.668668668668668698e-01 4.747331675800700590e-01
3.678678678678678482e-01 4.776794132584767927e-01
3.688688688688688821e-01 4.806329867136441281e-01
3.698698698698698606e-01 4.835938511295695963e-01
3.708708708708708945e-01 4.865619693996843242e-01
3.718718718718718730e-01 4.895373041411965054e-01
3.728728728728728514e-01 4.925198177097113161e-01
3.738738738738738854e-01 4.955094722140777619e-01
3.748748748748748638e-01 4.985062295314196534e-01
3.758758758758758978e-01 5.015100513223091916e-01
3.768768768768768762e-01 5.045208990460319232e-01
3.778778778778778547e-01 5.075387339759043215e-01
3.788788788788788886e-01 5.105635172145924772e-01
3.798798798798798670e-01 5.135952097093888780e-01
3.808808808808809010e-01 5.166337722674073651e-01
3.818818818818818794e-01 5.196791655706408664e-01
3.828828828828828579e-01 5.227313501908491533e-01
3.838838838838838918e-01 5.257902866042257761e-01
3.848848848848848703e-01 5.288559352058053165e-01
3.858858858858859042e-01 5.319282563235698813e-01
3.868868868868868827e-01 5.350072102322107614e-01
3.878878878878878611e-01 5.380927571665137243e-01
3.888888888888888951e-01 5.411848573343210900e-01
3.898898898898898735e-01 5.442834709290429451e-01
3.908908908908909074e-01 5.473885581416785273e-01
3.918918918918918859e-01 5.505000791723163589e-01
3.928928928928928643e-01 5.536179942410821564e-01
3.938938938938938983e-01 5.567422635985083135e-01
3.948948948948948767e-01 5.598728475352912071e-01
3.958958958958959107e-01 5.630097063914225597e-01
3.968968968968968891e-01 5.661528005646607742e-01
3.978978978978978676e-01 5.693020905183316938e-01
3.988988988988989015e-01 5.724575367884339183e-01
3.998998998998998800e-01 5.756190999900375749e-01
4.009009009009009139e-01 5.787867408229616650e-01
4.019019019019018923e-01 5.819604200767171109e-01
4.029029029029028708e-01 5.851400986347135014e-01
4.039039039039039047e-01 5.883257374777154380e-01
4.049049049049049387e-01 5.915172976865500365e-01
4.059059059059059171e-01 5.947147404440652485e-01
4.069069069069068956e-01 5.979180270363364524e-01
4.079079079079078740e-01 6.011271188531277510e-01
4.089089089089089080e-01 6.043419773876137491e-01
4.099099099099099419e-01 6.075625642353695843e-01
4.109109109109109204e-01 6.107888410926390899e-01
4.119119119119118988e-01 6.140207697538974108e-01
4.129129129129128772e-01 6.172583121087182878e-01
4.139139139139139112e-01 6.205014301379651043e-01
4.149149149149149451e-01 6.237500859093265682e-01
4.159159159159159236e-01 6.270042415722140161e-01
4.169169169169169020e-01 6.302638593520466515e-01
4.179179179179178805e-01 6.335289015439472537e-01
4.189189189189189144e-01 6.367993305058736730e-01
4.199199199199199484e-01 6.400751086512141974e-01
4.209209209209209268e-01 6.433561984408782131e-01
4.219219219219219053e-01 6.466425623749079143e-01
4.229229229229228837e-01 6.499341629836442591e-01
4.239239239239239176e-01 6.532309628184815864e-01
4.249249249249249516e-01 6.565329244422395405e-01
4.259259259259259300e-01 6.598400104191914917e-01
4.269269269269269085e-01 6.631521833047798742e-01
4.279279279279278869e-01 6.664694056350568552e-01
4.289289289289289209e-01 6.697916399158838630e-01
4.299299299299299548e-01 6.731188486119270564e-01
4.309309309309309333e-01 6.764509941354845957e-01
4.319319319319319117e-01 6.797880388351836833e-01
4.329329329329329457e-01 6.831299449845806837e-01
4.339339339339339241e-01 6.864766747707015115e-01
4.349349349349349581e-01 6.898281902825609269e-01
4.359359359359359365e-01 6.931844534996918217e-01
4.369369369369369149e-01 6.965454262807231345e-01
4.379379379379379489e-01 6.999110703520380339e-01
4.389389389389389273e-01 7.032813472965492307e-01
4.399399399399399613e-01 7.066562185426218390e-01
4.409409409409409397e-01 7.100356453531766476e-01
4.419419419419419182e-01 7.134195888150076659e-01
4.429429429429429521e-01 7.168080098283391433e-01
4.439439439439439306e-01 7.202008690966568150e-01
4.449449449449449645e-01 7.235981271168377971e-01
4.459459459459459429e-01 7.269997441696088858e-01
4.469469469469469214e-01 7.304056803103544659e-01
4.479479479479479553e-01 7.338158953603065582e-01
4.489489489489489338e-01 7.372303488981293285e-01
4.499499499499499677e-01 7.406490002519314775e-01
4.509509509509509462e-01 7.440718084917166131e-01
4.519519519519519246e-01 7.474987324222976959e-01
4.529529529529529586e-01 7.509297305766913233e-01
4.539539539539539370e-01 7.543647612100039535e-01
4.549549549549549710e-01 7.578037822938328283e-01
4.559559559559559494e-01 7.612467515111852601e-01
4.569569569569569278e-01 7.646936262519380412e-01
4.579579579579579618e-01 7.681443636088385318e-01
4.589589589589589402e-01 7.715989203740607483e-01
4.599599599599599742e-01 7.750572530363257773e-01
4.609609609609609526e-01 7.785193177785861840e-01
4.619619619619619311e-01 7.819850704762868476e-01
4.629629629629629650e-01 7.854544666961991162e-01
4.639639639639639435e-01 7.889274616958334985e-01
4.649649649649649774e-01 7.924040104234326698e-01
4.659659659659659559e-01 7.958840675185386848e-01
4.669669669669669343e-01 7.993675873131406151e-01
4.679679679679679682e-01 8.028545238333939515e-01
4.689689689689690022e-01 8.063448308019058874e-01
4.699699699699699806e-01 8.098384616405890357e-01
4.709709709709709591e-01 8.133353694740694806e-01
4.719719719719719375e-01 8.168355071336448336e-01
4.729729729729729715e-01 8.203388271617844119e-01
4.739739739739740054e-01 8.238452818171582148e-01
4.749749749749749839e-01 8.273548230801929249e-01
4.759759759759759623e-01 8.308674026591328365e-01
4.769769769769769407e-01 8.343829719966002756e-01
4.779779779779779747e-01 8.379014822766421844e-01
4.789789789789790087e-01 8.414228844322462209e-01
4.799799799799799871e-01 8.449471291533160455e-01
4.809809809809809655e-01 8.484741668950872562e-01
4.819819819819819440e-01 8.520039478869685379e-01
4.829829829829829779e-01 8.555364221417945947e-01
4.839839839839840119e-01 8.590715394654701020e-01
4.849849849849849903e-01 8.626092494669905797e-01
4.859859859859859688e-01 8.661495015688203125e-01
4.869869869869869472e-01 8.696922450176071129e-01
4.879879879879879812e-01 8.732374288952221564e-01
4.889889889889890151e-01 8.767850021300943597e-01
4.899899899899899935e-01 8.803349135088305299e-01
4.909909909909909720e-01 8.838871116880946399e-01
4.919919919919919504e-01 8.874415452067285770e-01
4.929929929929929844e-01 8.909981624980922721e-01
4.939939939939940183e-01 8.945569119026030025e-01
4.949949949949949968e-01 8.981177416804532188e-01
4.959959959959959752e-01 9.016806000244852459e-01
4.969969969969970092e-01 9.052454350732006549e-01
4.979979979979979876e-01 9.088121949238816555e-01
4.989989989989990216e-01 9.123808276458067468e-01
5.000000000000000000e-01 9.159512812935342030e-01
5.010010010010010895e-01 9.195235039202338534e-01
5.020020020020019569e-01 9.230974435910416220e-01
5.030030030030030463e-01 9.266730483964245035e-01
5.040040040040039138e-01 9.302502664655161180e-01
5.050050050050050032e-01 9.338290459794236220e-01
5.060060060060060927e-01 9.374093351844601241e-01
5.070070070070069601e-01 9.409910824053010492e-01
5.080080080080080496e-01 9.445742360580324792e-01
5.090090090090089170e-01 9.481587446630654892e-01
5.100100100100100065e-01 9.517445568579109283e-01
5.110110110110110959e-01 9.553316214097744563e-01
5.120120120120119633e-01 9.589198872279652841e-01
5.130130130130130528e-01 9.625093033760954153e-01
5.140140140140139202e-01 9.660998190840359712e-01
5.150150150150150097e-01 9.696913837596377039e-01
5.160160160160160991e-01 9.732839470001636295e-01
5.170170170170169666e-01 9.768774586034423280e-01
5.180180180180180560e-01 9.804718685787128241e-01
5.190190190190189234e-01 9.840671271571336254e-01
5.200200200200200129e-01 9.876631848019618021e-01
5.210210210210211024e-01 9.912599922183590317e-01
5.220220220220219698e-01 9.948575003628307156e-01
5.230230230230230593e-01 9.984556604522755174e-01
5.240240240240239267e-01 1.002054423972619013e+00
5.250250250250250161e-01 1.005653742687045327e+00
5.260260260260261056e-01 1.009253568643781795e+00
5.270270270270269730e-01 1.012853854183454416e+00
5.280280280280280625e-01 1.016454551945985774e+00
5.290290290290289299e-01 1.020055614877027450e+00
5.300300300300300194e-01 1.023656996233932359e+00
5.310310310310311088e-01 1.027258649591236583e+00
5.320320320320319762e-01 1.030860528845667368e+00
5.330330330330330657e-01 1.034462588220661505e+00
5.340340340340339331e-01 1.038064782270385678e+00
5.350350350350350226e-01 1.041667065883271626e+00
5.360360360360361121e-01 1.045269394285045284e+00
5.370370370370369795e-01 1.048871723041269632e+00
5.380380380380380689e-01 1.052474008059391508e+00
5.390390390390389364e-01 1.056076205590292805e+00
5.400400400400400258e-01 1.059678272229362506e+00
5.410410410410411153e-01 1.063280164917081105e+00
5.420420420420419827e-01 1.066881840939135628e+00
5.430430430430430722e-01 1.070483257926069909e+00
5.440440440440439396e-01 1.074084373852472130e+00
5.450450450450450290e-01 1.077685147035726709e+00
5.460460460460461185e-01 1.081285536134326986e+00
5.470470470470469859e-01 1.084885500145770898e+00
5.480480480480480754e-01 1.088484998404057880e+00
5.490490490490490538e-01 1.092083990576787178e+00
5.500500500500500323e-01 1.095682436661899128e+00
5.510510510510511217e-01 1.099280296984054495e+00
5.520520520520519892e-01 1.102877532190684740e+00
5.530530530530530786e-01 1.106474103247736096e+00
5.540540540540540571e-01 1.110069971435112990e+00
5.550550550550550355e-01 1.113665098341864335e+00
5.560560560560561250e-01 1.117259445861121137e+00
5.570570570570569924e-01 1.120852976184811167e+00
5.580580580580580818e-01 1.124445651798187118e+00
5.590590590590590603e-01 1.128037435474173344e+00
5.600600600600600387e-01 1.131628290267578274e+00
5.610610610610611282e-01 1.135218179509183356e+00
5.620620620620619956e-01 1.138807066799740308e+00
5.630630630630630851e-01 1.142394916003907746e+00
5.640640640640640635e-01 1.145981691244141176e+00
5.650650650650650419e-01 1.149567356894581449e+00
5.660660660660661314e-01 1.153151877574949191e+00
5.670670670670669988e-01 1.156735218144484545e+00
5.680680680680680883e-01 1.160317343695954628e+00
5.690690690690690667e-01 1.163898219549748037e+00
5.700700700700700452e-01 1.167477811248093911e+00
5.710710710710711346e-01 1.171056084549416676e+00
5.720720720720720021e-01 1.174633005422855314e+00
5.730730730730730915e-01 1.178208540042974484e+00
5.740740740740740700e-01 1.181782654784677256e+00
5.750750750750750484e-01 1.185355316218353439e+00
5.760760760760761379e-01 1.188926491105270600e+00
5.770770770770770053e-01 1.192496146393229539e+00
5.780780780780780947e-01 1.196064249212510200e+00
5.790790790790790732e-01 1.199630766872102239e+00
5.800800800800800516e-01 1.203195666856256674e+00
5.810810810810811411e-01 1.206758916821351502e+00
5.820820820820820085e-01 1.210320484593092827e+00
5.830830830830830980e-01 1.213880338164058603e+00
5.840840840840840764e-01 1.217438445691583437e+00
5.850850850850850549e-01 1.220994775495997775e+00
5.860860860860861443e-01 1.224549296059225911e+00
5.870870870870870117e-01 1.228101976023727060e+00
5.880880880880881012e-01 1.231652784191811456e+00
5.890890890890890796e-01 1.235201689525280200e+00
5.900900900900900581e-01 1.238748661145442131e+00
5.910910910910911475e-01 1.242293668333445789e+00
5.920920920920920150e-01 1.245836680530958196e+00
5.930930930930931044e-01 1.249377667341164067e+00
5.940940940940940829e-01 1.252916598530062764e+00
5.950950950950950613e-01 1.256453444028077016e+00
5.960960960960961508e-01 1.259988173931933630e+00
5.970970970970970182e-01 1.263520758506801345e+00
5.980980980980981077e-01 1.267051168188689791e+00
5.990990990990990861e-01 1.270579373587051641e+00
6.001001001001000645e-01 1.274105345487608121e+00
6.011011011011011540e-01 1.277629054855339286e+00
6.021021021021020214e-01 1.281150472837636167e+00
6.031031031031031109e-01 1.284669570767588809e+00
6.041041041041040893e-01 1.288186320167368892e+00
6.051051051051050678e-01 1.291700692751702073e+00
6.061061061061061572e-01 1.295212660431386276e+00
6.071071071071070246e-01 1.298722195316831973e+00
6.081081081081081141e-01 1.302229269721607130e+00
6.091091091091092036e-01 1.305733856165935736e+00
6.101101101101100710e-01 1.309235927380146158e+00
6.111111111111111605e-01 1.312735456308027793e+00
6.121121121121120279e-01 1.316232416110062031e+00
6.131131131131131173e-01 1.319726780166520896e+00
6.141141141141142068e-01 1.323218522080378268e+00
6.151151151151150742e-01 1.326707615680028596e+00
6.161161161161161637e-01 1.330194035021784682e+00
6.171171171171170311e-01 1.333677754392107451e+00
6.181181181181181206e-01 1.337158748309584588e+00
6.191191191191192100e-01 1.340636991526588773e+00
6.201201201201200774e-01 1.344112459030630813e+00
6.211211211211211669e-01 1.347585126045372617e+00
6.221221221221220343e-01 1.351054968031274006e+00
6.231231231231231238e-01 1.354521960685880488e+00
6.241241241241242133e-01 1.357986079943703794e+00
6.251251251251250807e-01 1.361447301975716728e+00
6.261261261261261701e-01 1.364905603188429684e+00
6.271271271271270376e-01 1.368360960222536837e+00
6.281281281281281270e-01 1.371813349951150229e+00
6.291291291291292165e-01 1.375262749477582869e+00
6.301301301301300839e-01 1.378709136132706847e+00
6.311311311311311734e-01 1.382152487471873581e+00
6.321321321321320408e-01 1.385592781271392404e+00
6.331331331331331302e-01 1.389029995524589944e+00
6.341341341341342197e-01 1.392464108437433179e+00
6.351351351351350871e-01 1.395895098423747260e+00
6.361361361361361766e-01 1.399322944100024779e+00
6.371371371371370440e-01 1.402747624279840011e+00
6.381381381381381335e-01 1.406169117967898563e+00
6.391391391391392229e-01 1.409587404353711992e+00
6.401401401401400904e-01 1.413002462804946013e+00
6.411411411411411798e-01 1.416414272860447410e+00
6.421421421421420472e-01 1.419822814222970742e+00
6.431431431431431367e-01 1.423228066751641707e+00
6.441441441441442262e-01 1.426630010454171149e+00
6.451451451451450936e-01 1.430028625478855453e+00
6.461461461461461830e-01 1.433423892106394648e+00
6.471471471471470505e-01 1.436815790741541976e+00
6.481481481481481399e-01 1.440204301904647100e+00
6.491491491491492294e-01 1.443589406223090510e+00
6.501501501501500968e-01 1.446971084422671083e+00
6.511511511511511863e-01 1.450349317318966547e+00
6.521521521521520537e-01 1.453724085808698163e+00
6.531531531531531432e-01 1.457095370861155148e+00
6.541541541541542326e-01 1.460463153509682588e+00
6.551551551551551000e-01 1.463827414843295482e+00
6.561561561561561895e-01 1.467188135998445553e+00
6.571571571571570569e-01 1.470545298150957692e+00
6.581581581581581464e-01 1.473898882508204000e+00
6.591591591591592358e-01 1.477248870301516748e+00
6.601601601601601033e-01 1.480595242778887100e+00
6.611611611611611927e-01 1.483937981197990030e+00
6.621621621621620601e-01 1.487277066819536753e+00
6.631631631631631496e-01 1.490612480901022385e+00
6.641641641641642391e-01 1.493944204690854871e+00
6.651651651651651065e-01 1.497272219422932871e+00
6.661661661661661959e-01 1.500596506311658418e+00
6.671671671671670634e-01 1.503917046547434078e+00
6.681681681681681528e-01 1.507233821292651044e+00
6.691691691691692423e-01 1.510546811678189716e+00
6.701701701701701097e-01 1.513855998800452074e+00
6.711711711711711992e-01 1.517161363718935840e+00
6.721721721721720666e-01 1.520462887454360423e+00
6.731731731731731561e-01 1.523760550987363072e+00
6.741741741741742455e-01 1.527054335257757467e+00
6.751751751751751129e-01 1.530344221164375629e+00
6.761761761761762024e-01 1.533630189565485358e+00
6.771771771771771808e-01 1.536912221279776558e+00
6.781781781781781593e-01 1.540190297087937754e+00
6.791791791791792487e-01 1.543464397734785720e+00
6.801801801801801162e-01 1.546734503931962879e+00
6.811811811811812056e-01 1.550000596361191585e+00
6.821821821821821841e-01 1.553262655678055770e+00
6.831831831831831625e-01 1.556520662516317044e+00
6.841841841841842520e-01 1.559774597492736170e+00
6.851851851851851194e-01 1.563024441212379267e+00
6.861861861861862089e-01 1.566270174274398741e+00
6.871871871871871873e-01 1.569511777278254527e+00
6.881881881881881657e-01 1.572749230830363665e+00
6.891891891891892552e-01 1.575982515551138441e+00
6.901901901901901226e-01 1.579211612082398020e+00
6.911911911911912121e-01 1.582436501095118020e+00
6.921921921921921905e-01 1.585657163297486960e+00
6.931931931931931690e-01 1.588873579443248030e+00
6.941941941941942584e-01 1.592085730340280003e+00
6.951951951951951258e-01 1.595293596859398644e+00
6.961961961961962153e-01 1.598497159943334855e+00
6.971971971971971938e-01 1.601696400615864047e+00
6.981981981981981722e-01 1.604891299991045184e+00
6.991991991991992617e-01 1.608081839282544223e+00
7.002002002002001291e-01 1.611267999812998619e+00
7.012012012012012185e-01 1.614449763023402040e+00
7.022022022022021970e-01 1.617627110482460884e+00
7.032032032032031754e-01 1.620800023895903719e+00
7.042042042042042649e-01 1.623968485115708349e+00
7.052052052052051323e-01 1.627132476149204310e+00
7.062062062062062218e-01 1.630291979168046357e+00
7.072072072072072002e-01 1.633446976517000993e+00
7.082082082082081786e-01 1.636597450722543590e+00
7.092092092092092681e-01 1.639743384501227252e+00
7.102102102102101355e-01 1.642884760767800101e+00
7.112112112112112250e-01 1.646021562643056768e+00
7.122122122122122034e-01 1.649153773461394357e+00
7.132132132132131819e-01 1.652281376778059085e+00
7.142142142142142713e-01 1.655404356376075858e+00
7.152152152152151388e-01 1.658522696272815233e+00
7.162162162162162282e-01 1.661636380726238649e+00
7.172172172172172067e-01 1.664745394240749077e+00
7.182182182182181851e-01 1.667849721572696398e+00
7.192192192192192746e-01 1.670949347735490864e+00
7.202202202202201420e-01 1.674044258004340868e+00
7.212212212212212314e-01 1.677134437920615895e+00
7.222222222222222099e-01 1.680219873295816013e+00
7.232232232232231883e-01 1.683300550215182323e+00
7.242242242242242778e-01 1.686376455040919264e+00
7.252252252252251452e-01 1.689447574415063213e+00
7.262262262262262347e-01 1.692513895261998469e+00
7.272272272272272131e-01 1.695575404790620855e+00
7.282282282282281916e-01 1.698632090496182245e+00
7.292292292292292810e-01 1.701683940161818898e+00
7.302302302302301484e-01 1.704730941859782467e+00
7.312312312312312379e-01 1.707773083952393911e+00
7.322322322322322163e-01 1.710810355092738710e+00
7.332332332332331948e-01 1.713842744225131609e+00
7.342342342342342842e-01 1.716870240585363083e+00
7.352352352352351517e-01 1.719892833700757295e+00
7.362362362362362411e-01 1.722910513390076392e+00
7.372372372372373306e-01 1.725923269763269596e+00
7.382382382382381980e-01 1.728931093221129034e+00
7.392392392392392875e-01 1.731933974454847647e+00
7.402402402402401549e-01 1.734931904445526918e+00
7.412412412412412444e-01 1.737924874463655289e+00
7.422422422422423338e-01 1.740912876068588355e+00
7.432432432432432012e-01 1.743895901108036606e+00
7.442442442442442907e-01 1.746873941717641099e+00
7.452452452452451581e-01 1.749846990320588214e+00
7.462462462462462476e-01 1.752815039627365179e+00
7.472472472472473370e-01 1.755778082635627735e+00
7.482482482482482045e-01 1.758736112630223225e+00
7.492492492492492939e-01 1.761689123183415973e+00
7.502502502502501613e-01 1.764637108155278078e+00
7.512512512512512508e-01 1.767580061694337346e+00
7.522522522522523403e-01 1.770517978238446144e+00
7.532532532532532077e-01 1.773450852515922271e+00
7.542542542542542972e-01 1.776378679546963602e+00
7.552552552552551646e-01 1.779301454645347169e+00
7.562562562562562540e-01 1.782219173420444225e+00
7.572572572572573435e-01 1.785131831779542377e+00
7.582582582582582109e-01 1.788039425930488813e+00
7.592592592592593004e-01 1.790941952384678126e+00
7.602602602602601678e-01 1.793839407960348353e+00
7.612612612612612573e-01 1.796731789786241595e+00
7.622622622622623467e-01 1.799619095305583949e+00
7.632632632632632141e-01 1.802501322280398277e+00
7.642642642642643036e-01 1.805378468796163594e+00
7.652652652652651710e-01 1.808250533266775983e+00
7.662662662662662605e-01 1.811117514439832155e+00
7.672672672672673500e-01 1.813979411402229625e+00
7.682682682682682174e-01 1.816836223586021593e+00
7.692692692692693068e-01 1.819687950774584895e+00
7.702702702702701743e-01 1.822534593109004897e+00
7.712712712712712637e-01 1.825376151094737498e+00
7.722722722722723532e-01 1.828212625608441888e+00
7.732732732732732206e-01 1.831044017905036903e+00
7.742742742742743101e-01 1.833870329624906370e+00
7.752752752752751775e-01 1.836691562801242350e+00
7.762762762762762669e-01 1.839507719867512714e+00
7.772772772772773564e-01 1.842318803664987126e+00
7.782782782782782238e-01 1.845124817450320975e+00
7.792792792792793133e-01 1.847925764903170176e+00
7.802802802802801807e-01 1.850721650133755780e+00
7.812812812812812702e-01 1.853512477690413052e+00
7.822822822822823596e-01 1.856298252567024187e+00
7.832832832832832270e-01 1.859078980210345344e+00
7.842842842842843165e-01 1.861854666527179569e+00
7.852852852852851839e-01 1.864625317891335676e+00
7.862862862862862734e-01 1.867390941150378403e+00
7.872872872872873629e-01 1.870151543632101676e+00
7.882882882882882303e-01 1.872907133150698122e+00
7.892892892892893197e-01 1.875657718012600172e+00
7.902902902902901872e-01 1.878403307021940805e+00
7.912912912912912766e-01 1.881143909485608612e+00
7.922922922922923661e-01 1.883879535217871881e+00
7.932932932932932335e-01 1.886610194544525720e+00
7.942942942942943230e-01 1.889335898306536476e+00
7.952952952952951904e-01 1.892056657863157909e+00
7.962962962962962798e-01 1.894772485094486258e+00
7.972972972972973693e-01 1.897483392403437552e+00
7.982982982982982367e-01 1.900189392717114512e+00
7.992992992992993262e-01 1.902890499487530640e+00
8.003003003003001936e-01 1.905586726691696375e+00
8.013013013013012831e-01 1.908278088831039332e+00
8.023023023023023725e-01 1.910964600930122215e+00
8.033033033033032400e-01 1.913646278534678169e+00
8.043043043043043294e-01 1.916323137708934921e+00
8.053053053053053079e-01 1.918995195032204615e+00
8.063063063063062863e-01 1.921662467594777102e+00
8.073073073073073758e-01 1.924324972993065597e+00
8.083083083083082432e-01 1.926982729324024923e+00
8.093093093093093326e-01 1.929635755178862766e+00
8.103103103103103111e-01 1.932284069635996193e+00
8.113113113113112895e-01 1.934927692253332721e+00
8.123123123123123790e-01 1.937566643059814853e+00
8.133133133133132464e-01 1.940200942546287166e+00
8.143143143143143359e-01 1.942830611655689488e+00
8.153153153153153143e-01 1.945455671772577944e+00
8.163163163163162928e-01 1.948076144712021396e+00
8.173173173173173822e-01 1.950692052707871937e+00
8.183183183183182496e-01 1.953303418400446079e+00
8.193193193193193391e-01 1.955910264823637279e+00
8.203203203203203175e-01 1.958512615391503342e+00
8.213213213213212960e-01 1.961110493884335781e+00
8.223223223223223854e-01 1.963703924434271331e+00
8.233233233233232529e-01 1.966292931510452480e+00
8.243243243243243423e-01 1.968877539903805651e+00
8.253253253253253208e-01 1.971457774711437017e+00
8.263263263263262992e-01 1.974033661320728772e+00
8.273273273273273887e-01 1.976605225393137877e+00
8.283283283283282561e-01 1.979172492847752540e+00
8.293293293293293456e-01 1.981735489844663745e+00
8.303303303303303240e-01 1.984294242768181560e+00
8.313313313313313024e-01 1.986848778209926447e+00
8.323323323323323919e-01 1.989399122951867493e+00
8.333333333333332593e-01 1.991945303949333557e+00
8.343343343343343488e-01 1.994487348314056163e+00
8.353353353353353272e-01 1.997025283297260145e+00
8.363363363363363057e-01 1.999559136272883730e+00
8.373373373373373951e-01 2.002088934720946956e+00
8.383383383383382625e-01 2.004614706211109265e+00
8.393393393393393520e-01 2.007136478386481127e+00
8.403403403403403304e-01 2.009654278947710093e+00
8.413413413413413089e-01 2.012168135637384836e+00
8.423423423423423984e-01 2.014678076224799330e+00
8.433433433433432658e-01 2.017184128491121609e+00
8.443443443443443552e-01 2.019686320214996389e+00
8.453453453453453337e-01 2.022184679158610443e+00
8.463463463463463121e-01 2.024679233054261562e+00
8.473473473473474016e-01 2.027170009591474642e+00
8.483483483483482690e-01 2.029657036404652004e+00
8.493493493493493585e-01 2.032140341061360100e+00
8.503503503503503369e-01 2.034619951051179765e+00
8.513513513513513153e-01 2.037095893775246580e+00
8.523523523523524048e-01 2.039568196536416966e+00
8.533533533533532722e-01 2.042036886530145701e+00
8.543543543543543617e-01 2.044501990836042005e+00
8.553553553553553401e-01 2.046963536410149498e+00
8.563563563563563186e-01 2.049421550077959786e+00
8.573573573573574080e-01 2.051876058528157909e+00
8.583583583583582755e-01 2.054327088307128957e+00
8.593593593593593649e-01 2.056774665814204095e+00
8.603603603603603434e-01 2.059218817297681081e+00
8.613613613613613218e-01 2.061659568851617497e+00
8.623623623623624113e-01 2.064096946413363387e+00
8.633633633633632787e-01 2.066530975761879940e+00
8.643643643643643681e-01 2.068961682516825551e+00
8.653653653653654576e-01 2.071389092138371524e+00
8.663663663663663250e-01 2.073813229927798929e+00
8.673673673673674145e-01 2.076234121028823765e+00
8.683683683683682819e-01 2.078651790429648649e+00
8.693693693693693714e-01 2.081066262965760139e+00
8.703703703703704608e-01 2.083477563323408166e+00
8.713713713713713283e-01 2.085885716043804905e+00
8.723723723723724177e-01 2.088290745527975556e+00
8.733733733733732851e-01 2.090692676042302356e+00
8.743743743743743746e-01 2.093091531724690757e+00
8.753753753753754641e-01 2.095487336591365768e+00
8.763763763763763315e-01 2.097880114544276697e+00
8.773773773773774209e-01 2.100269889379080102e+00
8.783783783783782884e-01 2.102656684793684505e+00
8.793793793793793778e-01 2.105040524397342239e+00
8.803803803803804673e-01 2.107421431720224891e+00
8.813813813813813347e-01 2.109799430223525007e+00
8.823823823823824242e-01 2.112174543309993879e+00
8.833833833833832916e-01 2.114546794334911883e+00
8.843843843843843811e-01 2.116916206617498908e+00
8.853853853853854705e-01 2.119282803452660513e+00
8.863863863863863379e-01 2.121646608123118227e+00
8.873873873873874274e-01 2.124007643911860033e+00
8.883883883883882948e-01 2.126365934114871070e+00
8.893893893893893843e-01 2.128721502054145454e+00
8.903903903903904737e-01 2.131074371090913910e+00
8.913913913913913412e-01 2.133424564639102794e+00
8.923923923923924306e-01 2.135772106178948526e+00
8.933933933933932980e-01 2.138117019270746599e+00
8.943943943943943875e-01 2.140459327568748904e+00
8.953953953953954770e-01 2.142799054835103245e+00
8.963963963963963444e-01 2.145136224953868798e+00
8.973973973973974338e-01 2.147470861945046217e+00
8.983983983983983013e-01 2.149802989978579770e+00
8.993993993993993907e-01 2.152132633388352811e+00
9.004004004004004802e-01 2.154459816686062901e+00
9.014014014014013476e-01 2.156784564575042751e+00
9.024024024024024371e-01 2.159106901963893765e+00
9.034034034034033045e-01 2.161426853980003226e+00
9.044044044044043940e-01 2.163744445982833664e+00
9.054054054054054834e-01 2.166059703576995954e+00
9.064064064064063508e-01 2.168372652625077723e+00
9.074074074074074403e-01 2.170683319260165334e+00
9.084084084084083077e-01 2.172991729898089197e+00
9.094094094094093972e-01 2.175297911249289839e+00
9.104104104104104866e-01 2.177601890330352230e+00
9.114114114114113541e-01 2.179903694475119114e+00
9.124124124124124435e-01 2.182203351345409548e+00
9.134134134134133109e-01 2.184500888941282692e+00
9.144144144144144004e-01 2.186796335610829534e+00
9.154154154154154899e-01 2.189089720059481436e+00
9.164164164164163573e-01 2.191381071358810217e+00
9.174174174174174468e-01 2.193670418954789536e+00
9.184184184184183142e-01 2.195957792675490960e+00
9.194194194194194036e-01 2.198243222738239577e+00
9.204204204204204931e-01 2.200526739756146544e+00
9.214214214214213605e-01 2.202808374744049669e+00
9.224224224224224500e-01 2.205088159123839819e+00
9.234234234234233174e-01 2.207366124729136292e+00
9.244244244244244069e-01 2.209642303809329356e+00
9.254254254254254963e-01 2.211916729032950890e+00
9.264264264264263637e-01 2.214189433490387771e+00
9.274274274274274532e-01 2.216460450695901141e+00
9.284284284284283206e-01 2.218729814588996430e+00
9.294294294294294101e-01 2.220997559535052179e+00
9.304304304304304996e-01 2.223263720325302728e+00
9.314314314314313670e-01 2.225528332176098356e+00
9.324324324324324564e-01 2.227791430727474431e+00
9.334334334334334349e-01 2.230053052041026440e+00
9.344344344344344133e-01 2.232313232597090025e+00
9.354354354354355028e-01 2.234572009291221573e+00
9.364364364364363702e-01 2.236829419430001575e+00
9.374374374374374597e-01 2.239085500726147870e+00
9.384384384384384381e-01 2.241340291292961862e+00
9.394394394394394165e-01 2.243593829638113046e+00
9.404404404404405060e-01 2.245846154656751192e+00
9.414414414414413734e-01 2.248097305623996789e+00
9.424424424424424629e-01 2.250347322186792898e+00
9.434434434434434413e-01 2.252596244355131727e+00
9.444444444444444198e-01 2.254844112492690567e+00
9.454454454454455092e-01 2.257090967306877527e+00
9.464464464464463767e-01 2.259336849838318617e+00
9.474474474474474661e-01 2.261581801449767504e+00
9.484484484484484446e-01 2.263825863814515671e+00
9.494494494494494230e-01 2.266069078904280332e+00
9.504504504504505125e-01 2.268311488976582080e+00
9.514514514514513799e-01 2.270553136561694441e+00
9.524524524524524693e-01 2.272794064449104923e+00
9.534534534534534478e-01 2.275034315673576835e+00
9.544544544544544262e-01 2.277273933500808312e+00
9.554554554554555157e-01 2.279512961412707206e+00
9.564564564564563831e-01 2.281751443092315590e+00
9.574574574574574726e-01 2.283989422408409187e+00
9.584584584584584510e-01 2.286226943399795264e+00
9.594594594594594295e-01 2.288464050259337856e+00
9.604604604604605189e-01 2.290700787317700993e+00
9.614614614614613863e-01 2.292937199026908957e+00
9.624624624624624758e-01 2.295173329943687168e+00
9.634634634634634542e-01 2.297409224712600562e+00
9.644644644644644327e-01 2.299644928049089820e+00
9.654654654654655221e-01 2.301880484722339748e+00
9.664664664664663896e-01 2.304115939538073476e+00
9.674674674674674790e-01 2.306351337321253858e+00
9.684684684684684575e-01 2.308586722898755550e+00
9.694694694694694359e-01 2.310822141081977144e+00
9.704704704704705254e-01 2.313057636649473281e+00
9.714714714714713928e-01 2.315293254329613859e+00
9.724724724724724823e-01 2.317529038783245898e+00
9.734734734734734607e-01 2.319765034586463770e+00
9.744744744744744391e-01 2.322001286213447813e+00
9.754754754754755286e-01 2.324237838019386437e+00
9.764764764764763960e-01 2.326474734223565655e+00
9.774774774774774855e-01 2.328712018892579394e+00
9.784784784784784639e-01 2.330949735923713018e+00
9.794794794794794424e-01 2.333187929028500029e+00
9.804804804804805318e-01 2.335426641716497720e+00
9.814814814814813992e-01 2.337665917279260874e+00
9.824824824824824887e-01 2.339905798774563728e+00
9.834834834834834671e-01 2.342146329010870165e+00
9.844844844844844456e-01 2.344387550532053055e+00
9.854854854854855351e-01 2.346629505602400467e+00
9.864864864864864025e-01 2.348872236191918539e+00
9.874874874874874919e-01 2.351115783961908789e+00
9.884884884884884704e-01 2.353360190250906037e+00
9.894894894894894488e-01 2.355605496060866777e+00
9.904904904904905383e-01 2.357851742043769239e+00
9.914914914914914057e-01 2.360098968488503868e+00
9.924924924924924952e-01 2.362347215308116422e+00
9.934934934934935846e-01 2.364596522027424541e+00
9.944944944944944520e-01 2.366846927770988263e+00
9.954954954954955415e-01 2.369098471251444682e+00
9.964964964964964089e-01 2.371351190758229865e+00
9.974974974974974984e-01 2.373605124146640488e+00
9.984984984984985878e-01 2.375860308827342227e+00
9.994994994994994553e-01 2.378116781756186793e+00
